3559,35,95,2,0.1,25
3559,35,80,nan,nan,25
3559,35,51,nan,nan,25
3559,35,7,nan,nan,25
3559,35,65,nan,nan,25
3559,35,70,nan,nan,25
3559,35,36,nan,nan,25
3559,35,42,0,0.5,25
3559,35,68,nan,nan,25
3559,35,80,nan,nan,25
3559,35,62,nan,nan,25
3559,39,11,nan,nan,25
3559,39,96,nan,nan,25
3559,39,80,nan,nan,25
3559,39,49,nan,nan,25
3559,39,96,nan,nan,25
3559,39,48,nan,nan,25
3559,39,42,nan,nan,25
3559,39,38,nan,nan,25
3559,39,25,nan,nan,25
3559,54,92,nan,nan,25
3559,54,56,nan,nan,25
3559,54,84,nan,nan,25
3559,54,53,nan,nan,25
3559,54,8,nan,nan,25
3559,54,41,nan,nan,25
3559,54,66,nan,nan,25
3559,54,81,nan,nan,25
3559,54,55,nan,nan,25
3559,54,64,nan,nan,25
3559,70,41,nan,nan,25
3559,70,87,nan,nan,25
3559,70,87,nan,nan,25
3559,70,26,nan,nan,25
3559,70,87,nan,nan,25
3559,70,87,nan,nan,25
3559,70,46,nan,nan,25
3559,70,16,2,0.1,25
3559,75,42,nan,nan,25
3559,75,99,1,0.25,25
3559,75,5,nan,nan,25
3559,75,81,nan,nan,25
3559,75,71,nan,nan,25
3559,75,32,nan,nan,25
3559,75,53,1,0.25,25
3559,79,99,nan,nan,25
3559,79,29,nan,nan,25
3559,79,1,nan,nan,25
3559,79,17,nan,nan,25
3559,79,22,nan,nan,25
3559,79,60,nan,nan,25
3559,79,18,nan,nan,25
3559,79,66,nan,nan,25
3559,79,71,nan,nan,25
3559,79,85,nan,nan,25
3559,79,97,nan,nan,25
3559,79,17,nan,nan,25
3559,79,20,nan,nan,25
3559,79,60,nan,nan,25
3559,79,92,nan,nan,25
3559,79,43,nan,nan,25
3559,79,76,nan,nan,25
3559,79,74,nan,nan,25
3559,79,0,nan,nan,25
3559,79,99,nan,nan,25
3559,81,78,nan,nan,25
3559,81,56,nan,nan,25
3559,81,10,nan,nan,25
3559,81,29,nan,nan,25
3559,81,71,nan,nan,25
3559,81,86,nan,nan,25
3559,81,58,nan,nan,25
3559,81,99,nan,nan,25
3559,81,66,nan,nan,25
3559,81,80,nan,nan,25
3559,81,29,nan,nan,25
3559,81,12,nan,nan,25
3559,81,59,nan,nan,25
3559,81,75,nan,nan,25
3559,81,47,nan,nan,25
3559,81,91,nan,nan,25
3559,92,68,nan,nan,25
3559,92,42,nan,nan,25
3559,92,47,nan,nan,25
3559,92,37,nan,nan,25
3559,92,42,nan,nan,25
3559,92,42,nan,nan,25
3559,92,39,nan,nan,25
3559,92,11,nan,nan,25
3559,92,60,nan,nan,25
3559,92,65,nan,nan,25
3559,92,28,nan,nan,25
3559,92,39,nan,nan,25
3559,92,11,nan,nan,25
3559,92,41,nan,nan,25
3559,96,45,nan,nan,25
3559,96,2,nan,nan,25
3559,96,96,nan,nan,25
3559,96,94,nan,nan,25
3559,96,5,nan,nan,25
3559,96,96,nan,nan,25
3559,96,94,nan,nan,25
3559,96,7,nan,nan,25
3559,96,70,nan,nan,25
3559,96,30,nan,nan,25
3559,96,10,nan,nan,25
3559,96,12,nan,nan,25
3559,96,56,nan,nan,25
3559,96,99,nan,nan,25
3559,96,80,nan,nan,25
3559,96,96,nan,nan,25
3559,96,52,nan,nan,25
3559,119,61,nan,nan,25
3559,119,61,nan,nan,25
3559,119,91,nan,nan,25
3559,119,90,nan,nan,25
3559,119,36,1,0.25,25
3559,119,95,nan,nan,25
3559,119,80,nan,nan,25
3559,119,18,nan,nan,25
3559,119,87,nan,nan,25
3559,119,80,nan,nan,25
3559,119,4,nan,nan,25
3559,124,84,nan,nan,25
3559,124,98,nan,nan,25
3559,124,70,nan,nan,25
3559,124,47,nan,nan,25
3559,124,8,nan,nan,25
3559,124,72,nan,nan,25
3559,124,16,nan,nan,25
3559,124,90,nan,nan,25
3559,124,3,nan,nan,25
3559,124,90,nan,nan,25
3559,124,22,nan,nan,25
3559,124,37,nan,nan,25
3559,124,58,nan,nan,25
3559,124,99,nan,nan,25
3559,130,1,nan,nan,25
3559,130,93,nan,nan,25
3559,130,43,nan,nan,25
3559,130,66,nan,nan,25
3559,134,62,nan,nan,25
3559,134,67,nan,nan,25
3559,134,29,nan,nan,25
3559,134,31,nan,nan,25
3559,134,10,nan,nan,25
3559,134,51,nan,nan,25
3559,134,82,nan,nan,25
3559,134,33,nan,nan,25
3559,134,20,nan,nan,25
3559,134,62,nan,nan,25
3559,134,75,nan,nan,25
3559,134,4,nan,nan,25
3559,148,66,nan,nan,25
3559,148,72,nan,nan,25
3559,148,99,nan,nan,25
3559,148,90,nan,nan,25
3559,148,40,nan,nan,25
3559,148,70,nan,nan,25
3559,148,91,nan,nan,25
3559,148,28,nan,nan,25
3559,148,64,nan,nan,25
3559,148,36,nan,nan,25
3559,148,94,nan,nan,25
3559,148,81,nan,nan,25
3559,148,44,nan,nan,25
3559,148,28,nan,nan,25
3559,148,36,nan,nan,25
3559,148,94,nan,nan,25
3559,148,18,nan,nan,25
3559,148,4,nan,nan,25
3559,148,71,nan,nan,25
3559,58,1,1,0.25,25
3559,150,4,0,0.5,25
3559,50,9,3,0.25,25
3559,50,74,nan,nan,25
3559,88,10,0,0.5,25
3559,88,97,2,0.1,25
3559,8,15,0,0.5,25
3559,8,94,1,0.25,25
3559,40,15,1,0.25,25
3559,69,29,2,0.1,25
3559,48,32,2,0.1,25
3559,4,33,2,0.1,25
3559,110,34,nan,nan,25
3559,30,38,1,0.25,25
3559,64,42,1,0.25,25
3559,67,42,1,0.25,25
3559,68,42,1,0.25,25
3559,109,48,1,0.25,25
3559,63,51,1,0.25,25
3559,28,55,4,0.41,25
3559,28,60,2,0.1,25
3559,1,56,1,0.25,25
3559,39,63,0,0.5,25
3559,29,64,1,0.25,25
3559,20,65,1,0.25,25
3559,22,65,0,0.5,25
3559,83,65,3,0.5,25
3559,83,65,3,0.5,25
3559,83,65,3,0.5,25
3559,83,65,3,0.5,25
3559,83,65,3,0.5,25
3559,83,65,3,0.5,25
3559,99,74,nan,nan,25
3559,33,84,1,0.25,25
3559,112,90,3,0.25,25
3559,145,95,3,0.5,25
3559,145,95,3,0.5,25
3559,12,96,1,0.25,25
3559,143,97,0,0.5,25
3559,143,98,0,0.5,25
3560,2,93,nan,nan,2
3560,2,65,nan,nan,2
3560,2,61,nan,nan,2
3560,8,66,1,0.25,2
3560,8,8,nan,nan,2
3560,8,80,nan,nan,2
3560,8,71,nan,nan,2
3560,8,69,nan,nan,2
3560,12,32,nan,nan,2
3560,12,42,nan,nan,2
3560,12,65,nan,nan,2
3560,12,63,nan,nan,2
3560,12,99,nan,nan,2
3560,12,11,nan,nan,2
3560,12,27,nan,nan,2
3560,12,32,nan,nan,2
3560,12,90,nan,nan,2
3560,19,85,nan,nan,2
3560,19,95,nan,nan,2
3560,19,42,nan,nan,2
3560,19,34,nan,nan,2
3560,19,43,nan,nan,2
3560,22,81,nan,nan,2
3560,22,51,nan,nan,2
3560,22,40,nan,nan,2
3560,22,78,nan,nan,2
3560,24,66,nan,nan,2
3560,24,68,nan,nan,2
3560,24,68,nan,nan,2
3560,24,51,nan,nan,2
3560,25,8,nan,nan,2
3560,25,44,nan,nan,2
3560,25,2,nan,nan,2
3560,27,43,nan,nan,2
3560,27,90,nan,nan,2
3560,27,2,0,0.5,2
3560,27,13,nan,nan,2
3560,27,32,0,0.5,2
3560,29,79,2,0.1,2
3560,29,54,nan,nan,2
3560,29,99,nan,nan,2
3560,29,29,1,0.25,2
3560,34,89,nan,nan,2
3560,34,14,nan,nan,2
3560,34,80,nan,nan,2
3560,34,84,nan,nan,2
3560,34,42,nan,nan,2
3560,36,85,nan,nan,2
3560,36,22,nan,nan,2
3560,36,79,nan,nan,2
3560,36,85,nan,nan,2
3560,36,83,nan,nan,2
3560,36,75,nan,nan,2
3560,36,56,nan,nan,2
3560,36,42,0,0.5,2
3560,36,10,nan,nan,2
3560,36,21,nan,nan,2
3560,38,11,nan,nan,2
3560,38,95,nan,nan,2
3560,38,23,nan,nan,2
3560,38,83,nan,nan,2
3560,38,78,nan,nan,2
3560,41,19,nan,nan,2
3560,41,22,nan,nan,2
3560,41,96,nan,nan,2
3560,41,39,nan,nan,2
3560,41,11,nan,nan,2
3560,49,46,nan,nan,2
3560,49,11,nan,nan,2
3560,49,8,nan,nan,2
3560,51,77,nan,nan,2
3560,51,28,nan,nan,2
3560,51,37,nan,nan,2
3560,51,86,nan,nan,2
3560,51,82,nan,nan,2
3560,53,84,nan,nan,2
3560,53,62,nan,nan,2
3560,53,84,nan,nan,2
3560,53,84,nan,nan,2
3560,53,8,nan,nan,2
3560,53,39,nan,nan,2
3560,60,99,2,0.1,2
3560,60,14,nan,nan,2
3560,60,58,nan,nan,2
3560,62,70,nan,nan,2
3560,62,12,nan,nan,2
3560,62,29,nan,nan,2
3560,62,29,nan,nan,2
3560,63,70,nan,nan,2
3560,63,94,nan,nan,2
3560,63,51,nan,nan,2
3560,63,9,nan,nan,2
3560,64,90,nan,nan,2
3560,64,99,nan,nan,2
3560,64,41,nan,nan,2
3560,64,41,nan,nan,2
3560,64,5,nan,nan,2
3560,64,9,nan,nan,2
3560,67,30,nan,nan,2
3560,67,18,nan,nan,2
3560,67,61,nan,nan,2
3560,67,19,nan,nan,2
3560,69,47,nan,nan,2
3560,69,78,nan,nan,2
3560,69,44,nan,nan,2
3560,69,59,nan,nan,2
3560,69,68,nan,nan,2
3560,69,72,nan,nan,2
3560,69,12,nan,nan,2
3560,69,99,nan,nan,2
3560,69,25,nan,nan,2
3560,69,89,nan,nan,2
3560,69,42,nan,nan,2
3560,72,81,nan,nan,2
3560,72,95,nan,nan,2
3560,72,59,nan,nan,2
3560,72,72,nan,nan,2
3560,72,12,nan,nan,2
3560,72,16,nan,nan,2
3560,74,81,3,0.25,2
3560,74,81,3,0.25,2
3560,74,6,nan,nan,2
3560,74,81,3,0.25,2
3560,74,60,1,0.25,2
3560,74,81,3,0.25,2
3560,74,81,3,0.25,2
3560,74,37,nan,nan,2
3560,74,81,3,0.25,2
3560,74,81,3,0.25,2
3560,74,81,3,0.25,2
3560,74,81,3,0.25,2
3560,74,81,3,0.25,2
3560,75,71,nan,nan,2
3560,75,9,2,0.1,2
3560,75,53,1,0.25,2
3560,77,28,nan,nan,2
3560,77,37,nan,nan,2
3560,77,43,nan,nan,2
3560,77,71,nan,nan,2
3560,77,2,nan,nan,2
3560,81,66,nan,nan,2
3560,81,6,nan,nan,2
3560,81,68,nan,nan,2
3560,81,17,nan,nan,2
3560,81,9,nan,nan,2
3560,81,29,nan,nan,2
3560,86,41,nan,nan,2
3560,86,84,nan,nan,2
3560,86,39,nan,nan,2
3560,86,80,nan,nan,2
3560,86,7,nan,nan,2
3560,86,8,nan,nan,2
3560,86,2,nan,nan,2
3560,88,66,nan,nan,2
3560,88,85,nan,nan,2
3560,88,92,nan,nan,2
3560,88,48,2,0.1,2
3560,88,15,nan,nan,2
3560,88,71,nan,nan,2
3560,88,92,nan,nan,2
3560,88,8,nan,nan,2
3560,91,29,nan,nan,2
3560,91,42,nan,nan,2
3560,91,83,nan,nan,2
3560,91,34,nan,nan,2
3560,93,81,2,0.1,2
3560,93,1,nan,nan,2
3560,93,32,nan,nan,2
3560,93,95,nan,nan,2
3560,93,42,nan,nan,2
3560,93,37,1,0.25,2
3560,94,57,nan,nan,2
3560,94,38,nan,nan,2
3560,94,76,nan,nan,2
3560,94,95,nan,nan,2
3560,94,41,nan,nan,2
3560,94,20,nan,nan,2
3560,95,29,nan,nan,2
3560,95,51,nan,nan,2
3560,95,96,nan,nan,2
3560,101,31,nan,nan,2
3560,101,10,nan,nan,2
3560,101,8,nan,nan,2
3560,101,90,nan,nan,2
3560,101,91,nan,nan,2
3560,101,56,nan,nan,2
3560,101,43,nan,nan,2
3560,103,30,2,0.1,2
3560,103,44,nan,nan,2
3560,103,67,nan,nan,2
3560,105,33,nan,nan,2
3560,105,43,2,0.1,2
3560,105,91,nan,nan,2
3560,105,0,nan,nan,2
3560,110,81,2,0.1,2
3560,110,18,nan,nan,2
3560,110,76,nan,nan,2
3560,110,17,2,0.1,2
3560,113,12,nan,nan,2
3560,113,29,nan,nan,2
3560,113,37,nan,nan,2
3560,113,81,nan,nan,2
3560,113,14,nan,nan,2
3560,116,54,nan,nan,2
3560,116,41,nan,nan,2
3560,116,78,nan,nan,2
3560,117,4,nan,nan,2
3560,122,53,nan,nan,2
3560,122,34,nan,nan,2
3560,122,58,nan,nan,2
3560,122,90,nan,nan,2
3560,122,50,nan,nan,2
3560,122,38,nan,nan,2
3560,122,64,nan,nan,2
3560,122,16,nan,nan,2
3560,122,90,nan,nan,2
3560,122,90,nan,nan,2
3560,122,34,nan,nan,2
3560,124,85,nan,nan,2
3560,124,89,nan,nan,2
3560,124,16,nan,nan,2
3560,124,78,nan,nan,2
3560,132,88,nan,nan,2
3560,132,35,nan,nan,2
3560,132,91,nan,nan,2
3560,132,96,nan,nan,2
3560,132,66,nan,nan,2
3560,133,6,0,0.5,2
3560,133,4,nan,nan,2
3560,133,99,nan,nan,2
3560,133,90,nan,nan,2
3560,133,62,nan,nan,2
3560,134,67,nan,nan,2
3560,134,23,nan,nan,2
3560,134,6,nan,nan,2
3560,134,66,nan,nan,2
3560,134,75,nan,nan,2
3560,137,54,nan,nan,2
3560,137,60,nan,nan,2
3560,137,52,nan,nan,2
3560,137,62,nan,nan,2
3560,137,68,nan,nan,2
3560,137,52,nan,nan,2
3560,58,2,0,0.5,2
3560,58,34,nan,nan,2
3560,108,2,0,0.5,2
3560,133,6,0,0.5,2
3560,11,11,0,0.5,2
3560,4,15,1,0.25,2
3560,122,24,0,0.5,2
3560,151,28,1,0.25,2
3560,136,36,0,0.5,2
3560,136,43,2,0.1,2
3560,83,42,0,0.5,2
3560,103,52,0,0.5,2
3560,18,57,0,0.5,2
3560,18,57,0,0.5,2
3560,17,59,1,0.25,2
3560,29,61,0,0.5,2
3560,29,66,1,0.25,2
3560,30,61,0,0.5,2
3560,143,61,2,0.1,2
3560,121,65,0,0.5,2
3560,86,68,0,0.5,2
3560,86,68,0,0.5,2
3560,74,71,0,0.5,2
3560,74,80,2,0.1,2
3560,20,75,0,0.5,2
3560,68,80,2,0.1,2
3560,43,92,2,0.1,2
3560,109,97,1,0.25,2
3561,0,12,nan,nan,26
3561,1,82,nan,nan,26
3561,1,84,nan,nan,26
3561,1,60,nan,nan,26
3561,4,72,nan,nan,26
3561,4,65,nan,nan,26
3561,4,32,nan,nan,26
3561,4,2,nan,nan,26
3561,9,75,nan,nan,26
3561,9,79,nan,nan,26
3561,10,9,nan,nan,26
3561,10,82,2,0.1,26
3561,10,65,nan,nan,26
3561,10,6,nan,nan,26
3561,13,69,nan,nan,26
3561,14,14,nan,nan,26
3561,15,77,nan,nan,26
3561,15,84,nan,nan,26
3561,16,99,nan,nan,26
3561,21,72,nan,nan,26
3561,21,16,nan,nan,26
3561,21,83,nan,nan,26
3561,23,82,nan,nan,26
3561,28,92,nan,nan,26
3561,28,68,nan,nan,26
3561,31,68,nan,nan,26
3561,31,56,nan,nan,26
3561,31,7,nan,nan,26
3561,32,10,nan,nan,26
3561,32,52,nan,nan,26
3561,33,20,nan,nan,26
3561,34,34,nan,nan,26
3561,34,92,nan,nan,26
3561,34,7,nan,nan,26
3561,34,12,nan,nan,26
3561,35,67,nan,nan,26
3561,35,72,nan,nan,26
3561,35,27,nan,nan,26
3561,35,28,nan,nan,26
3561,37,85,nan,nan,26
3561,37,8,nan,nan,26
3561,38,96,nan,nan,26
3561,40,15,1,0.25,26
3561,41,63,nan,nan,26
3561,42,70,nan,nan,26
3561,42,8,nan,nan,26
3561,42,11,nan,nan,26
3561,45,84,nan,nan,26
3561,45,3,nan,nan,26
3561,45,64,nan,nan,26
3561,45,8,nan,nan,26
3561,45,11,nan,nan,26
3561,45,65,nan,nan,26
3561,47,24,nan,nan,26
3561,47,71,nan,nan,26
3561,47,61,1,0.25,26
3561,48,12,nan,nan,26
3561,48,31,nan,nan,26
3561,52,34,nan,nan,26
3561,56,12,nan,nan,26
3561,56,87,nan,nan,26
3561,56,86,nan,nan,26
3561,56,65,nan,nan,26
3561,60,94,nan,nan,26
3561,60,18,2,0.1,26
3561,63,12,2,0.1,26
3561,63,98,2,0.1,26
3561,64,3,nan,nan,26
3561,64,87,nan,nan,26
3561,64,58,nan,nan,26
3561,64,94,2,0.1,26
3561,69,60,nan,nan,26
3561,69,86,nan,nan,26
3561,70,72,nan,nan,26
3561,71,66,2,0.1,26
3561,71,90,2,0.1,26
3561,71,80,nan,nan,26
3561,72,21,nan,nan,26
3561,72,68,nan,nan,26
3561,72,34,1,0.25,26
3561,72,61,2,0.1,26
3561,72,47,2,0.1,26
3561,74,54,nan,nan,26
3561,74,37,nan,nan,26
3561,78,54,nan,nan,26
3561,78,83,nan,nan,26
3561,81,36,nan,nan,26
3561,81,66,nan,nan,26
3561,81,43,nan,nan,26
3561,82,44,nan,nan,26
3561,82,99,nan,nan,26
3561,82,79,nan,nan,26
3561,83,75,nan,nan,26
3561,84,15,nan,nan,26
3561,84,19,nan,nan,26
3561,84,21,nan,nan,26
3561,89,11,nan,nan,26
3561,89,69,nan,nan,26
3561,89,57,nan,nan,26
3561,91,92,nan,nan,26
3561,91,42,2,0.1,26
3561,95,78,nan,nan,26
3561,95,13,nan,nan,26
3561,95,7,3,0.25,26
3561,96,69,nan,nan,26
3561,97,27,nan,nan,26
3561,97,99,nan,nan,26
3561,97,32,nan,nan,26
3561,99,24,nan,nan,26
3561,99,18,nan,nan,26
3561,101,74,nan,nan,26
3561,101,21,nan,nan,26
3561,104,85,nan,nan,26
3561,104,8,nan,nan,26
3561,104,67,nan,nan,26
3561,107,84,nan,nan,26
3561,107,4,0,0.5,26
3561,109,23,nan,nan,26
3561,109,23,nan,nan,26
3561,111,60,nan,nan,26
3561,111,62,nan,nan,26
3561,111,16,nan,nan,26
3561,114,19,nan,nan,26
3561,116,32,nan,nan,26
3561,116,71,nan,nan,26
3561,116,51,nan,nan,26
3561,116,31,nan,nan,26
3561,118,20,nan,nan,26
3561,121,89,nan,nan,26
3561,121,47,nan,nan,26
3561,124,53,nan,nan,26
3561,124,96,nan,nan,26
3561,124,47,nan,nan,26
3561,124,90,nan,nan,26
3561,124,30,nan,nan,26
3561,125,90,nan,nan,26
3561,125,31,nan,nan,26
3561,125,46,nan,nan,26
3561,126,68,nan,nan,26
3561,127,55,nan,nan,26
3561,127,93,nan,nan,26
3561,127,65,nan,nan,26
3561,131,75,nan,nan,26
3561,134,99,nan,nan,26
3561,135,99,nan,nan,26
3561,135,43,nan,nan,26
3561,135,59,nan,nan,26
3561,137,9,nan,nan,26
3561,137,45,nan,nan,26
3561,139,7,nan,nan,26
3561,139,5,nan,nan,26
3561,139,6,nan,nan,26
3561,139,58,nan,nan,26
3561,139,1,nan,nan,26
3561,144,94,nan,nan,26
3561,145,43,2,0.1,26
3561,145,11,nan,nan,26
3561,146,76,nan,nan,26
3561,147,93,nan,nan,26
3561,147,40,nan,nan,26
3561,147,19,0,0.5,26
3561,149,42,nan,nan,26
3561,151,31,3,0.25,26
3561,53,1,1,0.25,26
3561,144,1,0,0.5,26
3561,95,7,3,0.25,26
3561,147,10,1,0.25,26
3561,15,18,1,0.25,26
3561,15,26,1,0.25,26
3561,150,31,3,0.25,26
3561,126,32,1,0.25,26
3561,102,34,nan,nan,26
3561,60,37,1,0.25,26
3561,60,95,3,0.5,26
3561,60,95,3,0.5,26
3561,106,41,1,0.25,26
3561,86,42,0,0.5,26
3561,86,68,0,0.5,26
3561,75,43,2,0.1,26
3561,119,47,0,0.5,26
3561,65,49,3,0.25,26
3561,11,53,0,0.5,26
3561,18,53,0,0.5,26
3561,137,53,1,0.25,26
3561,133,54,3,0.33,26
3561,28,55,4,0.41,26
3561,28,97,1,0.25,26
3561,28,60,2,0.1,26
3561,64,67,2,0.1,26
3561,113,68,2,0.1,26
3561,155,73,nan,nan,26
3561,153,74,nan,nan,26
3561,129,81,3,0.25,26
3561,142,83,1,0.25,26
3561,32,88,2,0.1,26
3561,45,90,2,0.1,26
3562,4,60,nan,nan,20
3562,4,23,nan,nan,20
3562,4,23,nan,nan,20
3562,4,57,nan,nan,20
3562,4,94,1,0.25,20
3562,4,34,nan,nan,20
3562,7,66,1,0.25,20
3562,7,69,nan,nan,20
3562,7,40,nan,nan,20
3562,7,45,nan,nan,20
3562,10,71,nan,nan,20
3562,10,35,nan,nan,20
3562,10,18,2,0.1,20
3562,10,32,nan,nan,20
3562,10,77,nan,nan,20
3562,10,41,nan,nan,20
3562,10,51,nan,nan,20
3562,21,22,nan,nan,20
3562,21,82,1,0.25,20
3562,31,57,nan,nan,20
3562,31,41,nan,nan,20
3562,31,55,nan,nan,20
3562,31,37,nan,nan,20
3562,36,28,nan,nan,20
3562,36,85,nan,nan,20
3562,36,85,nan,nan,20
3562,36,92,nan,nan,20
3562,36,57,nan,nan,20
3562,36,92,nan,nan,20
3562,67,72,nan,nan,20
3562,67,43,nan,nan,20
3562,67,88,nan,nan,20
3562,67,24,nan,nan,20
3562,67,4,nan,nan,20
3562,67,61,nan,nan,20
3562,70,31,nan,nan,20
3562,70,97,nan,nan,20
3562,70,96,nan,nan,20
3562,73,9,nan,nan,20
3562,73,9,nan,nan,20
3562,73,91,nan,nan,20
3562,73,3,nan,nan,20
3562,73,17,nan,nan,20
3562,73,33,nan,nan,20
3562,73,3,nan,nan,20
3562,73,52,nan,nan,20
3562,73,37,nan,nan,20
3562,73,73,nan,nan,20
3562,77,66,nan,nan,20
3562,77,6,1,0.25,20
3562,77,42,nan,nan,20
3562,77,93,nan,nan,20
3562,77,72,nan,nan,20
3562,80,99,nan,nan,20
3562,80,17,1,0.25,20
3562,80,98,nan,nan,20
3562,80,77,nan,nan,20
3562,80,99,nan,nan,20
3562,80,70,nan,nan,20
3562,89,57,nan,nan,20
3562,89,63,nan,nan,20
3562,89,69,nan,nan,20
3562,89,57,nan,nan,20
3562,89,89,nan,nan,20
3562,90,85,nan,nan,20
3562,90,84,nan,nan,20
3562,102,31,nan,nan,20
3562,102,92,nan,nan,20
3562,102,51,nan,nan,20
3562,102,33,nan,nan,20
3562,102,4,nan,nan,20
3562,102,98,nan,nan,20
3562,116,24,nan,nan,20
3562,116,92,nan,nan,20
3562,116,9,nan,nan,20
3562,116,83,nan,nan,20
3562,116,41,nan,nan,20
3562,116,27,nan,nan,20
3562,147,33,nan,nan,20
3562,147,61,nan,nan,20
3562,147,49,nan,nan,20
3562,147,23,nan,nan,20
3562,150,8,nan,nan,20
3562,150,82,nan,nan,20
3562,150,56,nan,nan,20
3562,150,84,nan,nan,20
3562,150,32,nan,nan,20
3562,150,50,nan,nan,20
3562,151,85,nan,nan,20
3562,151,10,nan,nan,20
3562,151,24,nan,nan,20
3562,151,28,nan,nan,20
3562,151,49,nan,nan,20
3562,151,1,nan,nan,20
3562,151,31,nan,nan,20
3562,69,2,3,0.25,20
3562,130,10,2,0.1,20
3562,146,19,0,0.5,20
3562,20,29,4,0.47,20
3562,20,14,nan,nan,20
3562,21,29,4,0.47,20
3562,21,14,nan,nan,20
3562,2,34,1,0.25,20
3562,61,37,1,0.25,20
3562,87,37,0,0.5,20
3562,119,42,3,0.5,20
3562,119,42,3,0.5,20
3562,119,42,3,0.5,20
3562,119,42,3,0.5,20
3562,119,42,3,0.5,20
3562,119,42,3,0.5,20
3562,88,48,2,0.1,20
3562,30,61,0,0.5,20
3562,83,65,3,0.5,20
3562,83,65,3,0.5,20
3562,71,66,2,0.1,20
3562,90,74,0,0.5,20
3562,102,80,0,0.5,20
3562,53,81,3,0.33,20
3562,5,83,1,0.25,20
3562,4,95,0,0.5,20
3562,63,97,1,0.25,20
3562,121,99,0,0.5,20
3562,147,99,0,0.5,20
3563,0,56,nan,nan,23
3563,0,40,nan,nan,23
3563,0,29,nan,nan,23
3563,0,54,nan,nan,23
3563,0,19,nan,nan,23
3563,0,36,nan,nan,23
3563,0,71,nan,nan,23
3563,1,73,nan,nan,23
3563,1,90,nan,nan,23
3563,1,84,nan,nan,23
3563,1,81,nan,nan,23
3563,1,44,nan,nan,23
3563,1,69,nan,nan,23
3563,1,74,nan,nan,23
3563,1,55,nan,nan,23
3563,1,65,nan,nan,23
3563,1,99,1,0.25,23
3563,2,67,nan,nan,23
3563,2,53,nan,nan,23
3563,2,85,3,0.25,23
3563,2,51,nan,nan,23
3563,2,94,nan,nan,23
3563,2,36,nan,nan,23
3563,2,8,1,0.25,23
3563,2,68,nan,nan,23
3563,2,56,1,0.25,23
3563,5,89,nan,nan,23
3563,5,2,nan,nan,23
3563,5,5,nan,nan,23
3563,5,31,3,0.33,23
3563,5,81,nan,nan,23
3563,5,65,nan,nan,23
3563,5,6,nan,nan,23
3563,5,50,nan,nan,23
3563,5,52,2,0.1,23
3563,5,76,nan,nan,23
3563,5,23,2,0.1,23
3563,5,80,2,0.1,23
3563,5,59,nan,nan,23
3563,5,37,nan,nan,23
3563,8,14,nan,nan,23
3563,8,18,nan,nan,23
3563,8,0,nan,nan,23
3563,8,63,nan,nan,23
3563,8,14,nan,nan,23
3563,8,25,2,0.1,23
3563,8,70,nan,nan,23
3563,8,82,1,0.25,23
3563,8,18,nan,nan,23
3563,8,47,nan,nan,23
3563,8,34,nan,nan,23
3563,8,66,1,0.25,23
3563,8,40,nan,nan,23
3563,10,28,nan,nan,23
3563,10,98,nan,nan,23
3563,10,6,nan,nan,23
3563,10,41,nan,nan,23
3563,10,40,nan,nan,23
3563,10,56,nan,nan,23
3563,10,21,nan,nan,23
3563,10,16,nan,nan,23
3563,10,87,nan,nan,23
3563,10,96,nan,nan,23
3563,12,90,nan,nan,23
3563,12,98,nan,nan,23
3563,12,30,nan,nan,23
3563,12,34,nan,nan,23
3563,12,6,nan,nan,23
3563,12,78,nan,nan,23
3563,12,58,nan,nan,23
3563,12,14,nan,nan,23
3563,12,4,nan,nan,23
3563,13,27,nan,nan,23
3563,13,27,nan,nan,23
3563,13,27,nan,nan,23
3563,13,39,nan,nan,23
3563,13,57,nan,nan,23
3563,13,21,nan,nan,23
3563,13,61,nan,nan,23
3563,13,58,nan,nan,23
3563,13,47,nan,nan,23
3563,13,16,nan,nan,23
3563,13,33,nan,nan,23
3563,13,33,nan,nan,23
3563,13,14,nan,nan,23
3563,15,17,nan,nan,23
3563,15,42,nan,nan,23
3563,15,56,nan,nan,23
3563,15,5,nan,nan,23
3563,15,63,nan,nan,23
3563,15,61,nan,nan,23
3563,15,42,nan,nan,23
3563,15,87,nan,nan,23
3563,15,63,nan,nan,23
3563,15,24,nan,nan,23
3563,15,33,nan,nan,23
3563,15,64,nan,nan,23
3563,15,33,nan,nan,23
3563,15,76,nan,nan,23
3563,15,1,nan,nan,23
3563,17,37,nan,nan,23
3563,17,31,nan,nan,23
3563,17,89,nan,nan,23
3563,17,19,nan,nan,23
3563,17,47,nan,nan,23
3563,17,68,nan,nan,23
3563,17,91,nan,nan,23
3563,17,78,nan,nan,23
3563,17,26,nan,nan,23
3563,17,34,nan,nan,23
3563,17,60,nan,nan,23
3563,17,89,nan,nan,23
3563,17,83,nan,nan,23
3563,17,95,nan,nan,23
3563,17,47,nan,nan,23
3563,20,95,nan,nan,23
3563,20,90,nan,nan,23
3563,20,83,nan,nan,23
3563,20,66,nan,nan,23
3563,20,47,nan,nan,23
3563,20,16,nan,nan,23
3563,20,10,nan,nan,23
3563,20,90,nan,nan,23
3563,21,33,nan,nan,23
3563,21,30,nan,nan,23
3563,21,98,nan,nan,23
3563,21,37,nan,nan,23
3563,21,81,nan,nan,23
3563,21,78,1,0.25,23
3563,21,53,nan,nan,23
3563,21,22,nan,nan,23
3563,21,16,nan,nan,23
3563,22,58,nan,nan,23
3563,22,81,nan,nan,23
3563,22,1,nan,nan,23
3563,22,96,nan,nan,23
3563,22,61,nan,nan,23
3563,22,99,nan,nan,23
3563,22,58,nan,nan,23
3563,22,37,2,0.1,23
3563,22,58,nan,nan,23
3563,22,16,nan,nan,23
3563,22,22,nan,nan,23
3563,22,71,nan,nan,23
3563,22,71,nan,nan,23
3563,22,16,nan,nan,23
3563,22,68,nan,nan,23
3563,22,80,2,0.1,23
3563,22,66,nan,nan,23
3563,23,69,nan,nan,23
3563,23,37,2,0.1,23
3563,23,95,nan,nan,23
3563,23,71,nan,nan,23
3563,23,81,nan,nan,23
3563,23,37,2,0.1,23
3563,23,89,2,0.1,23
3563,23,80,2,0.1,23
3563,23,44,nan,nan,23
3563,23,71,nan,nan,23
3563,23,66,nan,nan,23
3563,23,34,nan,nan,23
3563,23,80,2,0.1,23
3563,23,66,nan,nan,23
3563,23,37,2,0.1,23
3563,23,66,nan,nan,23
3563,23,60,nan,nan,23
3563,23,7,nan,nan,23
3563,23,26,nan,nan,23
3563,23,96,nan,nan,23
3563,28,50,nan,nan,23
3563,28,17,nan,nan,23
3563,28,99,nan,nan,23
3563,28,66,nan,nan,23
3563,28,99,nan,nan,23
3563,28,43,nan,nan,23
3563,28,68,nan,nan,23
3563,28,66,nan,nan,23
3563,28,65,nan,nan,23
3563,28,29,nan,nan,23
3563,31,52,nan,nan,23
3563,31,75,nan,nan,23
3563,31,12,nan,nan,23
3563,31,52,nan,nan,23
3563,31,29,nan,nan,23
3563,31,15,nan,nan,23
3563,31,49,nan,nan,23
3563,31,88,nan,nan,23
3563,31,54,nan,nan,23
3563,32,12,nan,nan,23
3563,32,56,nan,nan,23
3563,32,60,nan,nan,23
3563,32,60,nan,nan,23
3563,32,57,nan,nan,23
3563,32,94,nan,nan,23
3563,32,20,nan,nan,23
3563,32,44,nan,nan,23
3563,32,19,nan,nan,23
3563,32,19,nan,nan,23
3563,32,1,nan,nan,23
3563,32,54,nan,nan,23
3563,32,0,nan,nan,23
3563,32,20,nan,nan,23
3563,32,61,nan,nan,23
3563,32,56,nan,nan,23
3563,33,68,1,0.25,23
3563,33,57,nan,nan,23
3563,33,7,nan,nan,23
3563,33,52,nan,nan,23
3563,33,20,nan,nan,23
3563,33,44,nan,nan,23
3563,33,7,nan,nan,23
3563,33,7,nan,nan,23
3563,33,81,nan,nan,23
3563,33,54,nan,nan,23
3563,33,30,2,0.1,23
3563,33,52,nan,nan,23
3563,33,57,nan,nan,23
3563,33,70,nan,nan,23
3563,33,0,nan,nan,23
3563,33,1,0,0.5,23
3563,33,7,nan,nan,23
3563,33,15,nan,nan,23
3563,33,15,nan,nan,23
3563,34,0,nan,nan,23
3563,34,34,nan,nan,23
3563,34,7,nan,nan,23
3563,34,82,nan,nan,23
3563,34,85,nan,nan,23
3563,34,42,nan,nan,23
3563,34,21,nan,nan,23
3563,34,80,nan,nan,23
3563,34,80,nan,nan,23
3563,34,1,nan,nan,23
3563,34,58,nan,nan,23
3563,34,3,nan,nan,23
3563,34,72,nan,nan,23
3563,34,62,nan,nan,23
3563,34,7,nan,nan,23
3563,34,95,nan,nan,23
3563,34,68,nan,nan,23
3563,34,71,nan,nan,23
3563,34,80,nan,nan,23
3563,34,71,nan,nan,23
3563,36,53,nan,nan,23
3563,36,19,nan,nan,23
3563,36,80,nan,nan,23
3563,36,1,nan,nan,23
3563,36,80,nan,nan,23
3563,36,83,nan,nan,23
3563,36,95,nan,nan,23
3563,36,37,nan,nan,23
3563,36,54,nan,nan,23
3563,37,92,nan,nan,23
3563,37,63,nan,nan,23
3563,37,83,nan,nan,23
3563,37,94,nan,nan,23
3563,37,57,nan,nan,23
3563,37,85,nan,nan,23
3563,37,12,nan,nan,23
3563,37,42,nan,nan,23
3563,37,57,nan,nan,23
3563,37,92,nan,nan,23
3563,37,34,nan,nan,23
3563,37,85,nan,nan,23
3563,38,27,nan,nan,23
3563,38,42,nan,nan,23
3563,38,92,nan,nan,23
3563,38,66,nan,nan,23
3563,38,57,nan,nan,23
3563,38,80,nan,nan,23
3563,38,70,nan,nan,23
3563,38,34,nan,nan,23
3563,38,47,nan,nan,23
3563,38,36,nan,nan,23
3563,38,40,nan,nan,23
3563,38,11,nan,nan,23
3563,38,57,nan,nan,23
3563,39,61,nan,nan,23
3563,39,51,nan,nan,23
3563,39,11,nan,nan,23
3563,39,43,nan,nan,23
3563,39,97,nan,nan,23
3563,39,47,nan,nan,23
3563,39,66,nan,nan,23
3563,39,24,2,0.1,23
3563,39,82,1,0.25,23
3563,39,51,nan,nan,23
3563,39,42,nan,nan,23
3563,39,11,nan,nan,23
3563,39,57,nan,nan,23
3563,43,49,nan,nan,23
3563,43,72,nan,nan,23
3563,43,50,nan,nan,23
3563,43,96,nan,nan,23
3563,43,49,nan,nan,23
3563,43,77,2,0.1,23
3563,43,68,2,0.1,23
3563,43,23,3,0.25,23
3563,43,94,1,0.25,23
3563,43,38,nan,nan,23
3563,44,24,nan,nan,23
3563,44,84,nan,nan,23
3563,44,60,nan,nan,23
3563,44,11,nan,nan,23
3563,44,38,nan,nan,23
3563,44,99,nan,nan,23
3563,44,71,nan,nan,23
3563,44,66,nan,nan,23
3563,44,94,nan,nan,23
3563,44,51,nan,nan,23
3563,44,76,nan,nan,23
3563,45,63,nan,nan,23
3563,45,94,nan,nan,23
3563,45,5,nan,nan,23
3563,45,50,nan,nan,23
3563,45,58,nan,nan,23
3563,45,44,nan,nan,23
3563,45,61,nan,nan,23
3563,45,8,nan,nan,23
3563,45,74,nan,nan,23
3563,45,71,nan,nan,23
3563,45,95,nan,nan,23
3563,46,78,nan,nan,23
3563,46,78,nan,nan,23
3563,46,96,nan,nan,23
3563,46,39,nan,nan,23
3563,46,80,nan,nan,23
3563,46,8,nan,nan,23
3563,46,92,nan,nan,23
3563,46,95,nan,nan,23
3563,46,52,nan,nan,23
3563,46,54,nan,nan,23
3563,46,72,nan,nan,23
3563,46,6,nan,nan,23
3563,46,69,nan,nan,23
3563,46,97,nan,nan,23
3563,46,90,nan,nan,23
3563,46,93,nan,nan,23
3563,46,31,nan,nan,23
3563,49,95,nan,nan,23
3563,49,31,nan,nan,23
3563,49,92,nan,nan,23
3563,49,99,nan,nan,23
3563,49,32,nan,nan,23
3563,49,31,nan,nan,23
3563,49,46,nan,nan,23
3563,49,56,nan,nan,23
3563,49,7,nan,nan,23
3563,50,44,2,0.1,23
3563,50,37,nan,nan,23
3563,50,66,nan,nan,23
3563,50,44,2,0.1,23
3563,50,35,nan,nan,23
3563,50,65,nan,nan,23
3563,50,28,nan,nan,23
3563,50,68,nan,nan,23
3563,50,75,nan,nan,23
3563,50,14,nan,nan,23
3563,50,88,nan,nan,23
3563,50,63,nan,nan,23
3563,50,33,4,0.14,23
3563,50,61,nan,nan,23
3563,50,60,nan,nan,23
3563,50,29,nan,nan,23
3563,50,0,nan,nan,23
3563,50,85,nan,nan,23
3563,50,37,nan,nan,23
3563,50,51,nan,nan,23
3563,50,4,nan,nan,23
3563,50,55,nan,nan,23
3563,51,14,nan,nan,23
3563,51,34,nan,nan,23
3563,51,25,nan,nan,23
3563,51,8,nan,nan,23
3563,51,21,nan,nan,23
3563,51,26,nan,nan,23
3563,51,99,2,0.1,23
3563,51,42,nan,nan,23
3563,52,55,nan,nan,23
3563,52,91,nan,nan,23
3563,52,18,nan,nan,23
3563,52,60,nan,nan,23
3563,52,31,nan,nan,23
3563,52,69,nan,nan,23
3563,52,42,nan,nan,23
3563,52,91,nan,nan,23
3563,52,99,nan,nan,23
3563,52,94,nan,nan,23
3563,52,65,nan,nan,23
3563,52,65,nan,nan,23
3563,53,8,nan,nan,23
3563,53,59,nan,nan,23
3563,53,53,nan,nan,23
3563,53,8,nan,nan,23
3563,53,12,nan,nan,23
3563,53,65,nan,nan,23
3563,53,4,nan,nan,23
3563,53,84,nan,nan,23
3563,53,2,nan,nan,23
3563,53,84,nan,nan,23
3563,53,93,nan,nan,23
3563,53,5,nan,nan,23
3563,53,44,nan,nan,23
3563,53,5,nan,nan,23
3563,53,8,nan,nan,23
3563,55,14,nan,nan,23
3563,55,71,nan,nan,23
3563,55,42,nan,nan,23
3563,55,59,nan,nan,23
3563,55,80,nan,nan,23
3563,55,54,nan,nan,23
3563,55,68,nan,nan,23
3563,55,79,nan,nan,23
3563,55,68,nan,nan,23
3563,55,65,nan,nan,23
3563,55,84,nan,nan,23
3563,55,71,nan,nan,23
3563,55,44,nan,nan,23
3563,56,81,nan,nan,23
3563,56,76,nan,nan,23
3563,56,59,nan,nan,23
3563,56,59,nan,nan,23
3563,56,44,nan,nan,23
3563,56,47,nan,nan,23
3563,56,65,nan,nan,23
3563,56,23,nan,nan,23
3563,56,65,nan,nan,23
3563,56,55,nan,nan,23
3563,56,53,nan,nan,23
3563,56,34,nan,nan,23
3563,57,17,nan,nan,23
3563,57,88,nan,nan,23
3563,57,7,nan,nan,23
3563,57,65,nan,nan,23
3563,57,76,1,0.25,23
3563,57,70,nan,nan,23
3563,57,50,nan,nan,23
3563,57,72,nan,nan,23
3563,57,30,nan,nan,23
3563,57,65,nan,nan,23
3563,58,42,nan,nan,23
3563,58,40,nan,nan,23
3563,58,89,nan,nan,23
3563,58,65,nan,nan,23
3563,58,60,2,0.1,23
3563,58,83,nan,nan,23
3563,58,37,nan,nan,23
3563,58,2,0,0.5,23
3563,58,92,nan,nan,23
3563,58,48,nan,nan,23
3563,58,72,nan,nan,23
3563,58,23,2,0.1,23
3563,58,23,2,0.1,23
3563,59,54,nan,nan,23
3563,59,4,nan,nan,23
3563,59,28,nan,nan,23
3563,59,18,nan,nan,23
3563,59,70,nan,nan,23
3563,59,39,nan,nan,23
3563,59,70,nan,nan,23
3563,59,82,nan,nan,23
3563,63,9,nan,nan,23
3563,63,10,nan,nan,23
3563,63,5,nan,nan,23
3563,63,71,nan,nan,23
3563,63,1,nan,nan,23
3563,63,54,nan,nan,23
3563,63,98,nan,nan,23
3563,63,76,nan,nan,23
3563,63,12,nan,nan,23
3563,63,47,nan,nan,23
3563,63,9,nan,nan,23
3563,63,51,nan,nan,23
3563,64,83,nan,nan,23
3563,64,7,nan,nan,23
3563,64,27,nan,nan,23
3563,64,74,nan,nan,23
3563,64,94,nan,nan,23
3563,64,60,nan,nan,23
3563,64,84,nan,nan,23
3563,65,61,nan,nan,23
3563,65,97,nan,nan,23
3563,65,93,nan,nan,23
3563,65,61,nan,nan,23
3563,65,41,nan,nan,23
3563,65,18,2,0.1,23
3563,65,42,nan,nan,23
3563,65,12,nan,nan,23
3563,65,33,nan,nan,23
3563,65,12,nan,nan,23
3563,65,14,nan,nan,23
3563,65,87,nan,nan,23
3563,67,87,nan,nan,23
3563,67,61,nan,nan,23
3563,67,40,nan,nan,23
3563,67,70,nan,nan,23
3563,67,61,nan,nan,23
3563,67,50,nan,nan,23
3563,67,18,nan,nan,23
3563,67,43,nan,nan,23
3563,67,61,nan,nan,23
3563,67,61,nan,nan,23
3563,68,15,nan,nan,23
3563,68,61,nan,nan,23
3563,68,90,2,0.1,23
3563,68,2,nan,nan,23
3563,68,95,nan,nan,23
3563,68,2,nan,nan,23
3563,68,14,nan,nan,23
3563,68,65,nan,nan,23
3563,68,34,nan,nan,23
3563,68,88,nan,nan,23
3563,68,33,nan,nan,23
3563,68,2,nan,nan,23
3563,68,90,2,0.1,23
3563,68,99,nan,nan,23
3563,68,12,nan,nan,23
3563,70,14,nan,nan,23
3563,70,44,0,0.5,23
3563,70,11,nan,nan,23
3563,70,60,nan,nan,23
3563,70,65,nan,nan,23
3563,70,34,2,0.1,23
3563,70,97,nan,nan,23
3563,70,72,nan,nan,23
3563,70,94,nan,nan,23
3563,70,26,nan,nan,23
3563,70,16,2,0.1,23
3563,70,16,2,0.1,23
3563,70,57,nan,nan,23
3563,70,21,nan,nan,23
3563,70,90,nan,nan,23
3563,70,44,0,0.5,23
3563,73,94,nan,nan,23
3563,73,58,nan,nan,23
3563,73,90,nan,nan,23
3563,73,68,nan,nan,23
3563,73,92,nan,nan,23
3563,73,36,nan,nan,23
3563,73,56,nan,nan,23
3563,73,42,nan,nan,23
3563,73,87,nan,nan,23
3563,73,39,nan,nan,23
3563,74,88,nan,nan,23
3563,74,30,nan,nan,23
3563,74,37,nan,nan,23
3563,74,81,nan,nan,23
3563,74,74,nan,nan,23
3563,74,58,nan,nan,23
3563,74,66,nan,nan,23
3563,74,22,nan,nan,23
3563,78,43,nan,nan,23
3563,78,43,nan,nan,23
3563,78,7,nan,nan,23
3563,78,5,3,0.25,23
3563,78,93,nan,nan,23
3563,78,21,2,0.1,23
3563,78,7,nan,nan,23
3563,78,47,nan,nan,23
3563,78,68,nan,nan,23
3563,78,60,nan,nan,23
3563,78,76,nan,nan,23
3563,78,50,nan,nan,23
3563,78,91,nan,nan,23
3563,78,43,nan,nan,23
3563,78,58,2,0.1,23
3563,78,98,nan,nan,23
3563,79,66,nan,nan,23
3563,79,80,nan,nan,23
3563,79,37,nan,nan,23
3563,79,98,nan,nan,23
3563,79,70,nan,nan,23
3563,79,58,nan,nan,23
3563,79,68,nan,nan,23
3563,79,37,nan,nan,23
3563,79,81,nan,nan,23
3563,79,68,nan,nan,23
3563,81,66,nan,nan,23
3563,81,6,nan,nan,23
3563,81,50,nan,nan,23
3563,81,29,nan,nan,23
3563,81,75,nan,nan,23
3563,81,40,nan,nan,23
3563,81,37,nan,nan,23
3563,81,66,nan,nan,23
3563,81,99,nan,nan,23
3563,81,66,nan,nan,23
3563,83,99,nan,nan,23
3563,83,3,nan,nan,23
3563,83,91,nan,nan,23
3563,83,52,nan,nan,23
3563,83,71,nan,nan,23
3563,83,29,1,0.25,23
3563,83,75,nan,nan,23
3563,83,56,nan,nan,23
3563,83,55,nan,nan,23
3563,83,0,nan,nan,23
3563,83,63,nan,nan,23
3563,84,19,nan,nan,23
3563,84,56,nan,nan,23
3563,84,2,nan,nan,23
3563,84,1,nan,nan,23
3563,84,54,nan,nan,23
3563,84,41,nan,nan,23
3563,84,74,nan,nan,23
3563,84,0,nan,nan,23
3563,84,29,nan,nan,23
3563,84,54,nan,nan,23
3563,84,98,nan,nan,23
3563,85,52,nan,nan,23
3563,85,19,nan,nan,23
3563,85,44,nan,nan,23
3563,85,56,nan,nan,23
3563,85,0,nan,nan,23
3563,85,0,nan,nan,23
3563,85,99,nan,nan,23
3563,85,80,nan,nan,23
3563,85,15,nan,nan,23
3563,85,1,nan,nan,23
3563,85,15,nan,nan,23
3563,85,63,nan,nan,23
3563,85,15,nan,nan,23
3563,85,52,nan,nan,23
3563,88,2,nan,nan,23
3563,88,81,nan,nan,23
3563,88,62,nan,nan,23
3563,88,57,nan,nan,23
3563,88,66,nan,nan,23
3563,88,1,nan,nan,23
3563,88,40,nan,nan,23
3563,88,85,nan,nan,23
3563,88,62,nan,nan,23
3563,88,83,nan,nan,23
3563,88,12,nan,nan,23
3563,93,75,nan,nan,23
3563,93,60,2,0.1,23
3563,93,39,nan,nan,23
3563,93,51,nan,nan,23
3563,93,11,2,0.1,23
3563,93,49,nan,nan,23
3563,93,79,nan,nan,23
3563,93,83,nan,nan,23
3563,93,11,2,0.1,23
3563,93,25,nan,nan,23
3563,93,42,nan,nan,23
3563,93,91,nan,nan,23
3563,98,0,nan,nan,23
3563,98,24,nan,nan,23
3563,98,6,nan,nan,23
3563,98,15,nan,nan,23
3563,98,90,nan,nan,23
3563,98,90,nan,nan,23
3563,98,24,nan,nan,23
3563,98,24,nan,nan,23
3563,98,96,nan,nan,23
3563,98,1,nan,nan,23
3563,98,25,nan,nan,23
3563,100,90,nan,nan,23
3563,100,8,nan,nan,23
3563,100,57,nan,nan,23
3563,100,8,nan,nan,23
3563,100,31,nan,nan,23
3563,100,31,nan,nan,23
3563,100,9,nan,nan,23
3563,100,73,nan,nan,23
3563,100,81,nan,nan,23
3563,102,8,nan,nan,23
3563,102,87,2,0.1,23
3563,102,99,nan,nan,23
3563,102,99,nan,nan,23
3563,102,94,nan,nan,23
3563,102,8,nan,nan,23
3563,102,35,nan,nan,23
3563,102,89,3,0.33,23
3563,102,0,2,0.1,23
3563,102,99,nan,nan,23
3563,102,31,nan,nan,23
3563,102,27,nan,nan,23
3563,102,42,nan,nan,23
3563,102,95,nan,nan,23
3563,102,55,nan,nan,23
3563,102,49,nan,nan,23
3563,103,5,nan,nan,23
3563,103,65,2,0.1,23
3563,103,8,nan,nan,23
3563,103,83,nan,nan,23
3563,103,30,2,0.1,23
3563,103,54,1,0.25,23
3563,105,11,nan,nan,23
3563,105,40,nan,nan,23
3563,105,80,nan,nan,23
3563,105,31,nan,nan,23
3563,105,88,nan,nan,23
3563,105,37,nan,nan,23
3563,105,10,nan,nan,23
3563,105,63,nan,nan,23
3563,105,90,nan,nan,23
3563,105,58,nan,nan,23
3563,105,65,nan,nan,23
3563,105,39,nan,nan,23
3563,108,89,nan,nan,23
3563,108,35,nan,nan,23
3563,108,76,nan,nan,23
3563,108,59,nan,nan,23
3563,108,81,2,0.1,23
3563,108,68,2,0.1,23
3563,108,59,nan,nan,23
3563,108,2,0,0.5,23
3563,108,42,nan,nan,23
3563,108,76,nan,nan,23
3563,108,2,0,0.5,23
3563,108,65,nan,nan,23
3563,108,65,nan,nan,23
3563,108,23,nan,nan,23
3563,114,21,nan,nan,23
3563,114,71,nan,nan,23
3563,114,44,nan,nan,23
3563,114,6,nan,nan,23
3563,114,21,nan,nan,23
3563,114,98,nan,nan,23
3563,114,87,nan,nan,23
3563,114,32,nan,nan,23
3563,114,79,nan,nan,23
3563,114,41,nan,nan,23
3563,114,59,nan,nan,23
3563,114,12,nan,nan,23
3563,117,34,nan,nan,23
3563,117,4,nan,nan,23
3563,117,79,nan,nan,23
3563,117,18,nan,nan,23
3563,117,14,nan,nan,23
3563,117,27,nan,nan,23
3563,117,61,nan,nan,23
3563,117,61,nan,nan,23
3563,117,34,nan,nan,23
3563,117,42,nan,nan,23
3563,117,56,nan,nan,23
3563,119,93,nan,nan,23
3563,119,34,nan,nan,23
3563,119,16,1,0.25,23
3563,119,61,nan,nan,23
3563,119,45,nan,nan,23
3563,119,65,3,0.33,23
3563,119,61,nan,nan,23
3563,119,42,3,0.5,23
3563,119,38,nan,nan,23
3563,119,80,nan,nan,23
3563,119,29,nan,nan,23
3563,119,68,nan,nan,23
3563,119,82,nan,nan,23
3563,119,88,nan,nan,23
3563,119,68,nan,nan,23
3563,119,74,nan,nan,23
3563,119,61,nan,nan,23
3563,119,24,nan,nan,23
3563,119,24,nan,nan,23
3563,119,66,nan,nan,23
3563,119,42,3,0.5,23
3563,120,47,nan,nan,23
3563,120,16,2,0.1,23
3563,120,77,nan,nan,23
3563,120,38,nan,nan,23
3563,120,89,nan,nan,23
3563,120,37,nan,nan,23
3563,120,53,nan,nan,23
3563,120,99,1,0.25,23
3563,120,16,2,0.1,23
3563,120,47,nan,nan,23
3563,120,89,nan,nan,23
3563,120,89,nan,nan,23
3563,120,47,nan,nan,23
3563,120,97,nan,nan,23
3563,120,37,nan,nan,23
3563,120,47,nan,nan,23
3563,121,3,nan,nan,23
3563,121,90,nan,nan,23
3563,121,16,nan,nan,23
3563,121,47,nan,nan,23
3563,121,97,nan,nan,23
3563,121,1,nan,nan,23
3563,124,13,nan,nan,23
3563,124,22,nan,nan,23
3563,124,95,nan,nan,23
3563,124,16,nan,nan,23
3563,124,72,nan,nan,23
3563,124,44,nan,nan,23
3563,124,29,nan,nan,23
3563,124,29,nan,nan,23
3563,124,86,nan,nan,23
3563,124,22,nan,nan,23
3563,124,14,nan,nan,23
3563,124,3,nan,nan,23
3563,124,42,nan,nan,23
3563,124,47,nan,nan,23
3563,125,98,0,0.5,23
3563,125,66,nan,nan,23
3563,125,24,nan,nan,23
3563,125,71,1,0.25,23
3563,125,58,nan,nan,23
3563,125,47,2,0.1,23
3563,125,74,nan,nan,23
3563,125,11,nan,nan,23
3563,125,60,nan,nan,23
3563,125,3,nan,nan,23
3563,125,90,nan,nan,23
3563,125,43,2,0.1,23
3563,125,83,1,0.25,23
3563,126,58,nan,nan,23
3563,126,68,nan,nan,23
3563,126,81,nan,nan,23
3563,126,68,nan,nan,23
3563,126,3,2,0.1,23
3563,126,40,2,0.1,23
3563,126,68,nan,nan,23
3563,126,99,nan,nan,23
3563,126,8,nan,nan,23
3563,126,16,nan,nan,23
3563,126,66,nan,nan,23
3563,126,44,nan,nan,23
3563,126,4,2,0.1,23
3563,126,4,2,0.1,23
3563,127,42,nan,nan,23
3563,127,71,3,0.25,23
3563,127,12,nan,nan,23
3563,127,20,nan,nan,23
3563,127,60,2,0.1,23
3563,127,35,nan,nan,23
3563,127,67,nan,nan,23
3563,127,50,nan,nan,23
3563,127,37,nan,nan,23
3563,127,8,nan,nan,23
3563,127,71,3,0.25,23
3563,127,76,nan,nan,23
3563,127,60,2,0.1,23
3563,128,37,nan,nan,23
3563,128,0,nan,nan,23
3563,128,26,nan,nan,23
3563,128,54,1,0.25,23
3563,128,80,2,0.1,23
3563,128,68,nan,nan,23
3563,128,78,nan,nan,23
3563,128,79,2,0.1,23
3563,128,34,nan,nan,23
3563,128,68,nan,nan,23
3563,129,71,3,0.25,23
3563,129,99,nan,nan,23
3563,129,92,nan,nan,23
3563,129,11,nan,nan,23
3563,129,58,1,0.25,23
3563,129,37,nan,nan,23
3563,130,0,nan,nan,23
3563,130,75,nan,nan,23
3563,130,71,3,0.25,23
3563,130,37,nan,nan,23
3563,130,68,1,0.25,23
3563,130,93,nan,nan,23
3563,130,88,nan,nan,23
3563,132,71,nan,nan,23
3563,132,43,nan,nan,23
3563,132,27,nan,nan,23
3563,132,48,nan,nan,23
3563,132,68,nan,nan,23
3563,132,17,nan,nan,23
3563,132,65,nan,nan,23
3563,132,37,nan,nan,23
3563,134,75,nan,nan,23
3563,134,7,nan,nan,23
3563,134,92,nan,nan,23
3563,134,83,nan,nan,23
3563,134,29,nan,nan,23
3563,134,33,nan,nan,23
3563,134,91,nan,nan,23
3563,134,68,nan,nan,23
3563,134,4,nan,nan,23
3563,134,29,nan,nan,23
3563,134,29,nan,nan,23
3563,134,89,nan,nan,23
3563,134,68,nan,nan,23
3563,135,64,nan,nan,23
3563,135,64,nan,nan,23
3563,135,12,nan,nan,23
3563,135,46,nan,nan,23
3563,135,20,nan,nan,23
3563,135,29,nan,nan,23
3563,135,0,nan,nan,23
3563,135,20,nan,nan,23
3563,135,20,nan,nan,23
3563,136,52,nan,nan,23
3563,136,3,nan,nan,23
3563,136,15,nan,nan,23
3563,136,54,nan,nan,23
3563,136,19,nan,nan,23
3563,136,81,1,0.25,23
3563,136,68,nan,nan,23
3563,136,12,1,0.25,23
3563,136,71,nan,nan,23
3563,136,52,nan,nan,23
3563,136,12,1,0.25,23
3563,136,32,nan,nan,23
3563,136,52,nan,nan,23
3563,139,68,nan,nan,23
3563,139,7,nan,nan,23
3563,139,28,nan,nan,23
3563,139,13,nan,nan,23
3563,139,57,nan,nan,23
3563,139,99,nan,nan,23
3563,139,57,nan,nan,23
3563,139,5,nan,nan,23
3563,139,80,nan,nan,23
3563,139,7,nan,nan,23
3563,139,5,nan,nan,23
3563,141,68,nan,nan,23
3563,141,93,nan,nan,23
3563,141,41,nan,nan,23
3563,141,57,nan,nan,23
3563,141,84,nan,nan,23
3563,141,69,nan,nan,23
3563,141,92,nan,nan,23
3563,141,92,nan,nan,23
3563,141,80,nan,nan,23
3563,141,44,nan,nan,23
3563,142,80,nan,nan,23
3563,142,44,nan,nan,23
3563,142,2,nan,nan,23
3563,142,25,nan,nan,23
3563,142,83,nan,nan,23
3563,142,42,nan,nan,23
3563,142,42,nan,nan,23
3563,142,26,nan,nan,23
3563,142,80,nan,nan,23
3563,142,1,nan,nan,23
3563,142,13,nan,nan,23
3563,142,93,nan,nan,23
3563,142,57,nan,nan,23
3563,142,6,nan,nan,23
3563,142,2,nan,nan,23
3563,142,83,nan,nan,23
3563,146,11,nan,nan,23
3563,146,19,0,0.5,23
3563,146,35,2,0.1,23
3563,146,43,2,0.1,23
3563,146,66,nan,nan,23
3563,146,74,nan,nan,23
3563,146,1,nan,nan,23
3563,148,95,nan,nan,23
3563,148,64,nan,nan,23
3563,148,94,nan,nan,23
3563,148,39,nan,nan,23
3563,148,3,nan,nan,23
3563,148,38,nan,nan,23
3563,148,53,nan,nan,23
3563,148,90,nan,nan,23
3563,148,5,nan,nan,23
3563,148,46,nan,nan,23
3563,148,8,nan,nan,23
3563,148,90,nan,nan,23
3563,148,58,nan,nan,23
3563,148,54,nan,nan,23
3563,149,17,nan,nan,23
3563,149,37,nan,nan,23
3563,149,94,nan,nan,23
3563,149,47,nan,nan,23
3563,149,54,nan,nan,23
3563,149,84,nan,nan,23
3563,149,76,nan,nan,23
3563,149,15,nan,nan,23
3563,149,68,nan,nan,23
3563,149,98,nan,nan,23
3563,149,68,nan,nan,23
3563,149,94,nan,nan,23
3563,149,35,nan,nan,23
3563,154,42,nan,nan,23
3563,154,95,nan,nan,23
3563,154,86,nan,nan,23
3563,154,33,nan,nan,23
3563,154,6,nan,nan,23
3563,154,48,nan,nan,23
3563,154,99,nan,nan,23
3563,154,31,nan,nan,23
3563,154,50,nan,nan,23
3563,154,39,nan,nan,23
3563,154,30,nan,nan,23
3563,154,62,nan,nan,23
3563,154,76,nan,nan,23
3563,154,71,nan,nan,23
3563,155,55,nan,nan,23
3563,155,30,nan,nan,23
3563,155,38,nan,nan,23
3563,155,84,nan,nan,23
3563,155,34,nan,nan,23
3563,155,84,nan,nan,23
3563,155,60,nan,nan,23
3563,155,37,nan,nan,23
3563,155,42,nan,nan,23
3563,155,68,nan,nan,23
3563,155,87,nan,nan,23
3563,50,2,0,0.5,23
3563,50,67,4,0.5,23
3563,50,90,2,0.1,23
3563,50,67,4,0.5,23
3563,3,15,1,0.25,23
3563,3,72,0,0.5,23
3563,68,22,0,0.5,23
3563,92,26,3,0.5,23
3563,92,26,3,0.5,23
3563,72,27,4,0.39,23
3563,72,4,1,0.25,23
3563,1,34,1,0.25,23
3563,153,34,0,0.5,23
3563,151,40,3,0.25,23
3563,110,41,3,0.25,23
3563,150,47,0,0.5,23
3563,78,53,3,0.33,23
3563,27,63,0,0.5,23
3563,43,64,3,0.25,23
3563,83,65,3,0.5,23
3563,83,65,3,0.5,23
3563,21,67,4,0.5,23
3563,21,67,4,0.5,23
3563,40,68,1,0.25,23
3563,130,81,3,0.25,23
3563,147,89,3,0.25,23
3563,145,95,3,0.5,23
3563,145,95,3,0.5,23
3563,20,96,1,0.25,23
3563,60,98,3,0.25,23
3564,10,53,0,0.5,17
3564,10,41,nan,nan,17
3564,10,40,nan,nan,17
3564,10,5,nan,nan,17
3564,10,82,2,0.1,17
3564,10,82,2,0.1,17
3564,12,16,nan,nan,17
3564,12,6,nan,nan,17
3564,12,80,2,0.1,17
3564,12,95,nan,nan,17
3564,33,19,nan,nan,17
3564,38,11,nan,nan,17
3564,38,42,nan,nan,17
3564,38,68,nan,nan,17
3564,38,51,nan,nan,17
3564,41,94,nan,nan,17
3564,41,63,nan,nan,17
3564,41,67,nan,nan,17
3564,41,54,nan,nan,17
3564,41,87,nan,nan,17
3564,46,24,nan,nan,17
3564,46,90,nan,nan,17
3564,46,51,nan,nan,17
3564,46,95,nan,nan,17
3564,66,81,nan,nan,17
3564,66,87,nan,nan,17
3564,66,42,nan,nan,17
3564,66,4,nan,nan,17
3564,66,61,nan,nan,17
3564,66,9,nan,nan,17
3564,66,61,nan,nan,17
3564,66,12,nan,nan,17
3564,67,46,nan,nan,17
3564,67,99,nan,nan,17
3564,67,47,nan,nan,17
3564,70,41,nan,nan,17
3564,70,14,nan,nan,17
3564,70,84,2,0.1,17
3564,70,90,nan,nan,17
3564,70,61,2,0.1,17
3564,70,59,nan,nan,17
3564,81,78,nan,nan,17
3564,81,71,nan,nan,17
3564,81,13,nan,nan,17
3564,81,51,nan,nan,17
3564,81,75,nan,nan,17
3564,81,5,nan,nan,17
3564,83,52,nan,nan,17
3564,83,19,nan,nan,17
3564,83,32,nan,nan,17
3564,83,44,nan,nan,17
3564,83,66,nan,nan,17
3564,89,0,nan,nan,17
3564,89,74,nan,nan,17
3564,89,69,nan,nan,17
3564,99,79,nan,nan,17
3564,99,31,nan,nan,17
3564,99,1,nan,nan,17
3564,99,8,nan,nan,17
3564,112,37,nan,nan,17
3564,112,63,nan,nan,17
3564,112,71,nan,nan,17
3564,112,75,nan,nan,17
3564,112,99,nan,nan,17
3564,112,60,nan,nan,17
3564,112,43,nan,nan,17
3564,112,88,nan,nan,17
3564,141,43,nan,nan,17
3564,141,7,nan,nan,17
3564,141,77,nan,nan,17
3564,141,90,nan,nan,17
3564,141,83,nan,nan,17
3564,67,0,1,0.25,17
3564,51,2,0,0.5,17
3564,48,6,0,0.5,17
3564,2,8,1,0.25,17
3564,2,34,1,0.25,17
3564,82,25,0,0.5,17
3564,123,28,1,0.25,17
3564,11,29,3,0.5,17
3564,11,29,3,0.5,17
3564,136,34,2,0.1,17
3564,119,42,3,0.5,17
3564,119,47,0,0.5,17
3564,119,42,3,0.5,17
3564,60,48,3,0.33,17
3564,93,53,1,0.25,17
3564,109,57,1,0.25,17
3564,35,61,0,0.5,17
3564,63,66,0,0.5,17
3564,73,71,0,0.5,17
3564,15,75,0,0.5,17
3564,138,94,2,0.1,17
3564,21,97,3,0.33,17
3564,74,98,0,0.5,17
3564,61,99,2,0.1,17
3564,121,99,0,0.5,17
3565,3,4,nan,nan,15
3565,3,89,nan,nan,15
3565,3,53,nan,nan,15
3565,3,12,nan,nan,15
3565,5,2,nan,nan,15
3565,5,35,nan,nan,15
3565,5,2,nan,nan,15
3565,5,23,2,0.1,15
3565,19,44,nan,nan,15
3565,19,90,nan,nan,15
3565,19,44,nan,nan,15
3565,19,44,nan,nan,15
3565,19,52,nan,nan,15
3565,19,47,nan,nan,15
3565,19,16,nan,nan,15
3565,20,79,nan,nan,15
3565,20,61,nan,nan,15
3565,20,3,nan,nan,15
3565,20,44,nan,nan,15
3565,29,20,nan,nan,15
3565,34,7,nan,nan,15
3565,34,66,nan,nan,15
3565,34,22,nan,nan,15
3565,34,26,nan,nan,15
3565,34,10,nan,nan,15
3565,34,91,nan,nan,15
3565,34,12,nan,nan,15
3565,39,60,2,0.1,15
3565,39,42,nan,nan,15
3565,39,42,nan,nan,15
3565,39,25,nan,nan,15
3565,39,19,nan,nan,15
3565,39,89,nan,nan,15
3565,39,57,nan,nan,15
3565,41,86,nan,nan,15
3565,41,5,nan,nan,15
3565,45,3,nan,nan,15
3565,45,68,2,0.1,15
3565,45,31,2,0.1,15
3565,45,44,nan,nan,15
3565,45,96,2,0.1,15
3565,45,40,nan,nan,15
3565,45,70,nan,nan,15
3565,48,34,nan,nan,15
3565,48,72,1,0.25,15
3565,48,25,nan,nan,15
3565,48,44,nan,nan,15
3565,48,94,nan,nan,15
3565,48,8,nan,nan,15
3565,56,23,nan,nan,15
3565,56,61,nan,nan,15
3565,56,48,nan,nan,15
3565,56,47,nan,nan,15
3565,56,80,nan,nan,15
3565,57,25,3,0.33,15
3565,57,76,1,0.25,15
3565,60,66,nan,nan,15
3565,60,21,nan,nan,15
3565,60,10,nan,nan,15
3565,60,2,2,0.1,15
3565,60,64,2,0.1,15
3565,64,36,nan,nan,15
3565,64,96,nan,nan,15
3565,64,51,1,0.25,15
3565,64,75,nan,nan,15
3565,64,24,nan,nan,15
3565,64,51,1,0.25,15
3565,64,44,2,0.1,15
3565,66,66,nan,nan,15
3565,66,47,nan,nan,15
3565,66,64,nan,nan,15
3565,66,85,nan,nan,15
3565,73,24,nan,nan,15
3565,73,59,nan,nan,15
3565,73,47,nan,nan,15
3565,73,23,nan,nan,15
3565,73,16,nan,nan,15
3565,80,75,nan,nan,15
3565,80,54,nan,nan,15
3565,80,43,nan,nan,15
3565,80,71,nan,nan,15
3565,80,77,nan,nan,15
3565,80,43,nan,nan,15
3565,83,43,nan,nan,15
3565,83,60,nan,nan,15
3565,83,99,nan,nan,15
3565,83,19,nan,nan,15
3565,88,34,nan,nan,15
3565,88,8,nan,nan,15
3565,88,29,nan,nan,15
3565,88,83,nan,nan,15
3565,92,11,2,0.1,15
3565,92,77,4,0.31,15
3565,92,93,nan,nan,15
3565,92,81,2,0.1,15
3565,92,33,nan,nan,15
3565,92,24,nan,nan,15
3565,97,31,nan,nan,15
3565,97,94,nan,nan,15
3565,97,94,nan,nan,15
3565,97,99,nan,nan,15
3565,97,26,nan,nan,15
3565,104,25,nan,nan,15
3565,104,8,nan,nan,15
3565,104,54,nan,nan,15
3565,104,5,nan,nan,15
3565,104,8,nan,nan,15
3565,105,98,nan,nan,15
3565,105,80,nan,nan,15
3565,105,66,nan,nan,15
3565,105,65,nan,nan,15
3565,105,42,nan,nan,15
3565,108,37,nan,nan,15
3565,108,95,nan,nan,15
3565,108,65,nan,nan,15
3565,108,66,nan,nan,15
3565,108,64,nan,nan,15
3565,108,91,nan,nan,15
3565,108,8,nan,nan,15
3565,108,43,nan,nan,15
3565,108,11,nan,nan,15
3565,109,65,nan,nan,15
3565,109,2,nan,nan,15
3565,109,65,nan,nan,15
3565,109,65,nan,nan,15
3565,110,65,nan,nan,15
3565,110,6,nan,nan,15
3565,110,2,nan,nan,15
3565,110,76,nan,nan,15
3565,110,14,nan,nan,15
3565,113,88,nan,nan,15
3565,113,73,nan,nan,15
3565,113,26,nan,nan,15
3565,113,37,nan,nan,15
3565,113,26,nan,nan,15
3565,113,35,nan,nan,15
3565,117,33,nan,nan,15
3565,117,95,nan,nan,15
3565,117,61,nan,nan,15
3565,117,66,nan,nan,15
3565,120,90,1,0.25,15
3565,120,47,nan,nan,15
3565,120,16,2,0.1,15
3565,120,87,3,0.25,15
3565,121,63,nan,nan,15
3565,121,16,nan,nan,15
3565,121,61,nan,nan,15
3565,121,34,nan,nan,15
3565,128,37,nan,nan,15
3565,128,54,1,0.25,15
3565,128,6,nan,nan,15
3565,128,5,nan,nan,15
3565,128,93,2,0.1,15
3565,128,1,nan,nan,15
3565,128,35,nan,nan,15
3565,130,37,nan,nan,15
3565,130,9,nan,nan,15
3565,132,45,nan,nan,15
3565,132,99,nan,nan,15
3565,132,37,nan,nan,15
3565,132,75,nan,nan,15
3565,132,65,nan,nan,15
3565,132,47,nan,nan,15
3565,136,90,1,0.25,15
3565,136,60,nan,nan,15
3565,136,19,nan,nan,15
3565,136,7,1,0.25,15
3565,136,44,nan,nan,15
3565,136,20,1,0.25,15
3565,136,76,nan,nan,15
3565,137,21,nan,nan,15
3565,137,7,nan,nan,15
3565,137,92,nan,nan,15
3565,137,24,nan,nan,15
3565,139,62,nan,nan,15
3565,139,36,nan,nan,15
3565,139,36,nan,nan,15
3565,139,42,nan,nan,15
3565,139,62,nan,nan,15
3565,139,42,nan,nan,15
3565,139,42,nan,nan,15
3565,142,47,nan,nan,15
3565,142,11,nan,nan,15
3565,142,69,nan,nan,15
3565,142,65,nan,nan,15
3565,142,85,nan,nan,15
3565,142,33,nan,nan,15
3565,148,31,nan,nan,15
3565,148,66,nan,nan,15
3565,148,0,nan,nan,15
3565,148,94,nan,nan,15
3565,148,94,nan,nan,15
3565,148,95,nan,nan,15
3565,149,8,nan,nan,15
3565,149,32,nan,nan,15
3565,149,31,nan,nan,15
3565,149,96,nan,nan,15
3565,149,94,nan,nan,15
3565,149,15,nan,nan,15
3565,149,86,nan,nan,15
3565,149,24,nan,nan,15
3565,150,69,nan,nan,15
3565,150,24,nan,nan,15
3565,150,75,nan,nan,15
3565,140,19,0,0.5,15
3565,93,22,1,0.25,15
3565,86,26,0,0.5,15
3565,29,34,3,0.25,15
3565,50,34,nan,nan,15
3565,87,37,0,0.5,15
3565,92,37,1,0.25,15
3565,30,42,1,0.25,15
3565,10,46,1,0.25,15
3565,74,61,1,0.25,15
3565,33,64,0,0.5,15
3565,33,66,0,0.5,15
3565,9,65,0,0.5,15
3565,136,82,0,0.5,15
3565,43,94,1,0.25,15
3565,120,99,1,0.25,15
3565,121,99,0,0.5,15
3566,1,57,1,0.25,10
3566,1,84,nan,nan,10
3566,1,45,nan,nan,10
3566,1,21,nan,nan,10
3566,1,83,nan,nan,10
3566,1,65,nan,nan,10
3566,1,26,nan,nan,10
3566,1,81,nan,nan,10
3566,1,5,nan,nan,10
3566,1,11,1,0.25,10
3566,1,18,nan,nan,10
3566,6,65,nan,nan,10
3566,6,76,nan,nan,10
3566,6,47,nan,nan,10
3566,6,18,nan,nan,10
3566,7,65,nan,nan,10
3566,7,56,nan,nan,10
3566,7,47,nan,nan,10
3566,7,55,nan,nan,10
3566,7,20,nan,nan,10
3566,9,12,nan,nan,10
3566,9,65,0,0.5,10
3566,10,32,nan,nan,10
3566,10,32,nan,nan,10
3566,10,14,nan,nan,10
3566,10,71,nan,nan,10
3566,10,56,1,0.25,10
3566,10,8,nan,nan,10
3566,11,6,nan,nan,10
3566,11,59,nan,nan,10
3566,11,51,nan,nan,10
3566,11,44,nan,nan,10
3566,11,6,nan,nan,10
3566,11,87,nan,nan,10
3566,11,65,nan,nan,10
3566,11,33,2,0.1,10
3566,11,17,nan,nan,10
3566,11,98,nan,nan,10
3566,11,95,nan,nan,10
3566,11,14,nan,nan,10
3566,11,9,nan,nan,10
3566,11,94,nan,nan,10
3566,11,5,nan,nan,10
3566,12,78,nan,nan,10
3566,12,38,nan,nan,10
3566,12,80,nan,nan,10
3566,12,18,nan,nan,10
3566,12,51,nan,nan,10
3566,12,19,nan,nan,10
3566,12,45,nan,nan,10
3566,12,71,nan,nan,10
3566,13,47,nan,nan,10
3566,13,61,nan,nan,10
3566,13,61,nan,nan,10
3566,13,33,nan,nan,10
3566,13,18,nan,nan,10
3566,13,12,nan,nan,10
3566,15,78,nan,nan,10
3566,15,0,nan,nan,10
3566,15,78,nan,nan,10
3566,15,21,nan,nan,10
3566,15,79,nan,nan,10
3566,17,87,2,0.1,10
3566,17,89,nan,nan,10
3566,18,43,nan,nan,10
3566,18,30,0,0.5,10
3566,18,99,nan,nan,10
3566,18,67,nan,nan,10
3566,18,63,nan,nan,10
3566,18,47,nan,nan,10
3566,18,90,3,0.25,10
3566,18,38,nan,nan,10
3566,18,76,1,0.25,10
3566,19,62,nan,nan,10
3566,19,47,nan,nan,10
3566,19,37,nan,nan,10
3566,19,44,nan,nan,10
3566,19,44,nan,nan,10
3566,19,90,nan,nan,10
3566,19,55,nan,nan,10
3566,19,7,nan,nan,10
3566,20,31,nan,nan,10
3566,20,69,nan,nan,10
3566,20,10,nan,nan,10
3566,20,63,nan,nan,10
3566,20,58,nan,nan,10
3566,23,99,nan,nan,10
3566,23,68,nan,nan,10
3566,23,66,nan,nan,10
3566,23,66,nan,nan,10
3566,23,81,nan,nan,10
3566,23,99,nan,nan,10
3566,25,68,nan,nan,10
3566,25,95,nan,nan,10
3566,25,71,nan,nan,10
3566,25,15,nan,nan,10
3566,28,33,nan,nan,10
3566,28,66,nan,nan,10
3566,28,37,nan,nan,10
3566,28,24,nan,nan,10
3566,28,43,nan,nan,10
3566,28,99,nan,nan,10
3566,28,91,nan,nan,10
3566,33,64,0,0.5,10
3566,33,0,nan,nan,10
3566,33,99,2,0.1,10
3566,33,12,3,0.25,10
3566,34,98,nan,nan,10
3566,34,6,nan,nan,10
3566,34,57,nan,nan,10
3566,34,38,nan,nan,10
3566,35,36,nan,nan,10
3566,35,85,nan,nan,10
3566,37,18,nan,nan,10
3566,37,80,nan,nan,10
3566,37,69,nan,nan,10
3566,37,13,nan,nan,10
3566,37,83,nan,nan,10
3566,37,15,nan,nan,10
3566,37,82,nan,nan,10
3566,38,80,nan,nan,10
3566,38,9,nan,nan,10
3566,38,1,nan,nan,10
3566,38,39,nan,nan,10
3566,38,96,nan,nan,10
3566,38,24,nan,nan,10
3566,38,36,nan,nan,10
3566,38,34,nan,nan,10
3566,38,11,nan,nan,10
3566,42,65,nan,nan,10
3566,42,34,nan,nan,10
3566,42,92,nan,nan,10
3566,42,9,nan,nan,10
3566,42,31,nan,nan,10
3566,42,58,nan,nan,10
3566,43,23,nan,nan,10
3566,43,83,nan,nan,10
3566,43,12,nan,nan,10
3566,43,72,nan,nan,10
3566,43,72,nan,nan,10
3566,44,65,nan,nan,10
3566,44,20,nan,nan,10
3566,44,80,nan,nan,10
3566,44,63,nan,nan,10
3566,44,38,nan,nan,10
3566,44,96,2,0.1,10
3566,44,94,nan,nan,10
3566,44,45,2,0.1,10
3566,44,61,nan,nan,10
3566,44,61,nan,nan,10
3566,44,90,2,0.1,10
3566,44,32,2,0.1,10
3566,45,94,nan,nan,10
3566,45,24,nan,nan,10
3566,45,94,nan,nan,10
3566,46,15,nan,nan,10
3566,46,8,nan,nan,10
3566,46,71,nan,nan,10
3566,46,93,4,0.05,10
3566,46,8,nan,nan,10
3566,46,12,1,0.25,10
3566,47,84,nan,nan,10
3566,47,11,nan,nan,10
3566,47,69,nan,nan,10
3566,47,50,2,0.1,10
3566,47,24,nan,nan,10
3566,47,39,2,0.1,10
3566,48,98,nan,nan,10
3566,48,8,nan,nan,10
3566,48,68,nan,nan,10
3566,48,31,nan,nan,10
3566,48,44,nan,nan,10
3566,48,99,nan,nan,10
3566,48,34,nan,nan,10
3566,52,28,nan,nan,10
3566,52,80,nan,nan,10
3566,52,14,nan,nan,10
3566,52,95,nan,nan,10
3566,52,39,nan,nan,10
3566,54,72,nan,nan,10
3566,54,53,nan,nan,10
3566,54,43,nan,nan,10
3566,54,80,nan,nan,10
3566,54,42,nan,nan,10
3566,55,84,nan,nan,10
3566,55,96,nan,nan,10
3566,55,10,nan,nan,10
3566,55,45,nan,nan,10
3566,55,43,nan,nan,10
3566,55,55,nan,nan,10
3566,61,32,nan,nan,10
3566,62,34,nan,nan,10
3566,62,9,nan,nan,10
3566,62,26,nan,nan,10
3566,63,94,2,0.1,10
3566,63,39,2,0.1,10
3566,63,12,2,0.1,10
3566,63,26,nan,nan,10
3566,63,71,nan,nan,10
3566,63,49,nan,nan,10
3566,63,41,nan,nan,10
3566,63,51,1,0.25,10
3566,63,73,1,0.25,10
3566,64,64,nan,nan,10
3566,64,24,nan,nan,10
3566,64,27,nan,nan,10
3566,64,32,nan,nan,10
3566,64,87,nan,nan,10
3566,64,27,nan,nan,10
3566,64,7,nan,nan,10
3566,68,47,nan,nan,10
3566,68,50,nan,nan,10
3566,68,55,4,0.41,10
3566,68,90,2,0.1,10
3566,68,46,nan,nan,10
3566,68,87,nan,nan,10
3566,68,60,nan,nan,10
3566,69,41,nan,nan,10
3566,69,87,nan,nan,10
3566,69,87,nan,nan,10
3566,69,5,nan,nan,10
3566,70,99,nan,nan,10
3566,70,12,nan,nan,10
3566,70,89,nan,nan,10
3566,70,65,nan,nan,10
3566,70,47,nan,nan,10
3566,71,97,nan,nan,10
3566,72,47,nan,nan,10
3566,72,47,nan,nan,10
3566,72,16,nan,nan,10
3566,73,88,nan,nan,10
3566,73,44,nan,nan,10
3566,73,66,nan,nan,10
3566,73,94,nan,nan,10
3566,73,67,nan,nan,10
3566,74,22,nan,nan,10
3566,74,58,nan,nan,10
3566,74,3,nan,nan,10
3566,74,66,nan,nan,10
3566,74,0,nan,nan,10
3566,74,3,nan,nan,10
3566,74,35,nan,nan,10
3566,74,46,nan,nan,10
3566,74,99,nan,nan,10
3566,75,63,nan,nan,10
3566,75,15,nan,nan,10
3566,75,71,nan,nan,10
3566,76,0,nan,nan,10
3566,76,37,nan,nan,10
3566,76,66,nan,nan,10
3566,76,37,nan,nan,10
3566,76,47,nan,nan,10
3566,76,99,nan,nan,10
3566,76,93,nan,nan,10
3566,76,99,nan,nan,10
3566,76,95,nan,nan,10
3566,81,9,nan,nan,10
3566,81,99,nan,nan,10
3566,81,66,nan,nan,10
3566,82,84,nan,nan,10
3566,82,71,nan,nan,10
3566,82,5,nan,nan,10
3566,82,87,nan,nan,10
3566,82,7,nan,nan,10
3566,82,84,nan,nan,10
3566,83,23,nan,nan,10
3566,83,33,nan,nan,10
3566,83,20,nan,nan,10
3566,83,66,nan,nan,10
3566,83,7,nan,nan,10
3566,83,19,nan,nan,10
3566,84,7,nan,nan,10
3566,84,0,nan,nan,10
3566,84,1,nan,nan,10
3566,84,54,nan,nan,10
3566,84,1,nan,nan,10
3566,84,74,nan,nan,10
3566,84,7,nan,nan,10
3566,84,95,nan,nan,10
3566,85,9,nan,nan,10
3566,85,88,nan,nan,10
3566,85,0,nan,nan,10
3566,85,0,nan,nan,10
3566,87,57,2,0.1,10
3566,87,1,nan,nan,10
3566,87,6,nan,nan,10
3566,87,92,nan,nan,10
3566,87,42,nan,nan,10
3566,87,12,2,0.1,10
3566,87,32,nan,nan,10
3566,87,7,nan,nan,10
3566,87,12,2,0.1,10
3566,87,3,nan,nan,10
3566,90,80,nan,nan,10
3566,90,41,nan,nan,10
3566,94,34,nan,nan,10
3566,94,64,nan,nan,10
3566,94,11,nan,nan,10
3566,95,59,nan,nan,10
3566,95,12,nan,nan,10
3566,97,71,nan,nan,10
3566,97,32,nan,nan,10
3566,97,66,nan,nan,10
3566,97,68,nan,nan,10
3566,98,24,nan,nan,10
3566,98,50,nan,nan,10
3566,101,8,nan,nan,10
3566,101,5,2,0.1,10
3566,101,38,nan,nan,10
3566,101,54,nan,nan,10
3566,101,45,nan,nan,10
3566,101,59,nan,nan,10
3566,101,50,nan,nan,10
3566,101,45,nan,nan,10
3566,101,28,nan,nan,10
3566,101,32,nan,nan,10
3566,103,37,nan,nan,10
3566,103,95,nan,nan,10
3566,103,72,nan,nan,10
3566,103,54,1,0.25,10
3566,103,44,nan,nan,10
3566,103,61,nan,nan,10
3566,105,2,nan,nan,10
3566,105,30,nan,nan,10
3566,105,7,nan,nan,10
3566,105,80,nan,nan,10
3566,105,50,nan,nan,10
3566,105,12,nan,nan,10
3566,105,81,nan,nan,10
3566,105,23,nan,nan,10
3566,105,71,nan,nan,10
3566,106,20,2,0.1,10
3566,106,99,2,0.1,10
3566,106,61,nan,nan,10
3566,106,50,2,0.1,10
3566,106,87,1,0.25,10
3566,106,71,nan,nan,10
3566,107,74,3,0.25,10
3566,107,65,nan,nan,10
3566,107,53,nan,nan,10
3566,107,22,2,0.1,10
3566,107,41,1,0.25,10
3566,107,44,nan,nan,10
3566,109,45,2,0.1,10
3566,109,66,nan,nan,10
3566,109,36,nan,nan,10
3566,109,59,nan,nan,10
3566,109,40,nan,nan,10
3566,110,83,nan,nan,10
3566,110,2,nan,nan,10
3566,110,25,nan,nan,10
3566,110,77,nan,nan,10
3566,110,2,nan,nan,10
3566,114,46,nan,nan,10
3566,114,12,nan,nan,10
3566,114,0,nan,nan,10
3566,114,93,nan,nan,10
3566,114,82,nan,nan,10
3566,115,33,nan,nan,10
3566,115,33,nan,nan,10
3566,115,33,nan,nan,10
3566,119,87,nan,nan,10
3566,119,80,nan,nan,10
3566,119,37,nan,nan,10
3566,119,48,nan,nan,10
3566,119,90,nan,nan,10
3566,120,59,nan,nan,10
3566,121,46,nan,nan,10
3566,121,44,2,0.1,10
3566,121,80,2,0.1,10
3566,122,23,nan,nan,10
3566,126,48,nan,nan,10
3566,126,28,1,0.25,10
3566,126,40,2,0.1,10
3566,126,68,nan,nan,10
3566,126,81,nan,nan,10
3566,126,68,nan,nan,10
3566,126,3,2,0.1,10
3566,126,87,nan,nan,10
3566,126,22,2,0.1,10
3566,126,59,nan,nan,10
3566,127,66,nan,nan,10
3566,127,80,nan,nan,10
3566,127,31,nan,nan,10
3566,127,63,0,0.5,10
3566,127,12,nan,nan,10
3566,127,27,2,0.1,10
3566,129,62,nan,nan,10
3566,129,65,nan,nan,10
3566,129,68,nan,nan,10
3566,129,42,nan,nan,10
3566,129,99,nan,nan,10
3566,129,29,nan,nan,10
3566,129,53,nan,nan,10
3566,129,91,nan,nan,10
3566,129,88,nan,nan,10
3566,129,93,nan,nan,10
3566,130,66,nan,nan,10
3566,130,62,nan,nan,10
3566,131,68,nan,nan,10
3566,131,75,nan,nan,10
3566,132,81,nan,nan,10
3566,132,68,nan,nan,10
3566,132,29,nan,nan,10
3566,132,17,nan,nan,10
3566,132,69,nan,nan,10
3566,132,37,nan,nan,10
3566,133,66,nan,nan,10
3566,133,75,nan,nan,10
3566,133,42,1,0.25,10
3566,133,19,nan,nan,10
3566,133,89,1,0.25,10
3566,136,93,nan,nan,10
3566,136,32,nan,nan,10
3566,136,57,nan,nan,10
3566,136,11,nan,nan,10
3566,138,92,nan,nan,10
3566,138,37,nan,nan,10
3566,138,6,nan,nan,10
3566,138,92,nan,nan,10
3566,138,68,nan,nan,10
3566,138,43,nan,nan,10
3566,139,1,nan,nan,10
3566,139,43,nan,nan,10
3566,139,57,nan,nan,10
3566,139,57,nan,nan,10
3566,139,37,nan,nan,10
3566,141,83,nan,nan,10
3566,141,83,nan,nan,10
3566,141,69,2,0.1,10
3566,141,20,nan,nan,10
3566,141,69,2,0.1,10
3566,142,80,nan,nan,10
3566,142,15,nan,nan,10
3566,142,92,nan,nan,10
3566,142,96,nan,nan,10
3566,144,16,nan,nan,10
3566,144,31,nan,nan,10
3566,144,66,nan,nan,10
3566,144,50,nan,nan,10
3566,144,12,nan,nan,10
3566,144,15,nan,nan,10
3566,146,31,nan,nan,10
3566,146,26,nan,nan,10
3566,146,95,nan,nan,10
3566,146,90,nan,nan,10
3566,146,89,nan,nan,10
3566,146,29,nan,nan,10
3566,148,46,nan,nan,10
3566,148,91,nan,nan,10
3566,148,15,nan,nan,10
3566,148,28,nan,nan,10
3566,151,19,nan,nan,10
3566,151,31,3,0.25,10
3566,151,8,nan,nan,10
3566,152,81,nan,nan,10
3566,152,19,nan,nan,10
3566,152,54,nan,nan,10
3566,152,83,1,0.25,10
3566,152,8,1,0.25,10
3566,152,65,1,0.25,10
3566,154,85,nan,nan,10
3566,154,81,nan,nan,10
3566,154,45,nan,nan,10
3566,154,38,nan,nan,10
3566,154,16,nan,nan,10
3566,155,52,nan,nan,10
3566,155,41,nan,nan,10
3566,155,50,nan,nan,10
3566,155,59,nan,nan,10
3566,155,90,nan,nan,10
3566,155,99,nan,nan,10
3566,155,71,nan,nan,10
3566,33,1,0,0.5,10
3566,33,66,0,0.5,10
3566,2,11,1,0.25,10
3566,27,12,1,0.25,10
3566,23,13,4,0.08,10
3566,23,15,0,0.5,10
3566,23,94,nan,nan,10
3566,141,15,1,0.25,10
3566,140,19,0,0.5,10
3566,133,22,0,0.5,10
3566,8,29,4,0.47,10
3566,8,14,nan,nan,10
3566,110,50,nan,nan,10
3566,103,54,1,0.25,10
3566,46,57,0,0.5,10
3566,29,61,0,0.5,10
3566,126,63,0,0.5,10
3566,9,65,0,0.5,10
3566,77,67,4,0.5,10
3566,77,67,4,0.5,10
3566,40,71,1,0.25,10
3566,101,74,nan,nan,10
3566,20,75,0,0.5,10
3566,67,80,2,0.1,10
3566,108,88,1,0.25,10
3566,107,94,1,0.25,10
3566,21,96,1,0.25,10
3566,122,96,0,0.5,10
3566,123,96,0,0.5,10
3566,17,97,1,0.25,10
3566,143,98,0,0.5,10
3566,121,99,0,0.5,10
3566,153,99,0,0.5,10
3567,0,21,nan,nan,17
3567,0,19,nan,nan,17
3567,0,38,nan,nan,17
3567,0,92,nan,nan,17
3567,0,84,nan,nan,17
3567,0,7,nan,nan,17
3567,0,33,nan,nan,17
3567,0,39,nan,nan,17
3567,0,69,nan,nan,17
3567,0,66,nan,nan,17
3567,0,44,nan,nan,17
3567,0,91,nan,nan,17
3567,0,14,nan,nan,17
3567,0,13,nan,nan,17
3567,0,67,nan,nan,17
3567,0,11,nan,nan,17
3567,0,74,nan,nan,17
3567,0,85,nan,nan,17
3567,4,39,nan,nan,17
3567,4,55,nan,nan,17
3567,4,91,nan,nan,17
3567,4,23,nan,nan,17
3567,4,17,nan,nan,17
3567,4,86,nan,nan,17
3567,4,44,nan,nan,17
3567,4,2,nan,nan,17
3567,4,86,nan,nan,17
3567,5,34,nan,nan,17
3567,5,27,nan,nan,17
3567,5,37,nan,nan,17
3567,5,48,nan,nan,17
3567,5,9,nan,nan,17
3567,5,71,nan,nan,17
3567,5,76,nan,nan,17
3567,5,34,nan,nan,17
3567,5,46,nan,nan,17
3567,5,23,2,0.1,17
3567,5,2,nan,nan,17
3567,5,76,nan,nan,17
3567,5,76,nan,nan,17
3567,5,2,nan,nan,17
3567,5,46,nan,nan,17
3567,5,70,nan,nan,17
3567,5,65,nan,nan,17
3567,6,44,nan,nan,17
3567,6,41,nan,nan,17
3567,6,5,nan,nan,17
3567,6,86,nan,nan,17
3567,6,76,nan,nan,17
3567,6,80,nan,nan,17
3567,6,83,nan,nan,17
3567,6,76,nan,nan,17
3567,6,65,nan,nan,17
3567,6,58,nan,nan,17
3567,6,25,nan,nan,17
3567,6,13,nan,nan,17
3567,6,34,nan,nan,17
3567,6,65,nan,nan,17
3567,6,95,nan,nan,17
3567,8,26,2,0.1,17
3567,8,82,1,0.25,17
3567,8,38,nan,nan,17
3567,8,63,nan,nan,17
3567,8,26,2,0.1,17
3567,8,44,nan,nan,17
3567,8,26,2,0.1,17
3567,8,24,nan,nan,17
3567,8,15,0,0.5,17
3567,8,31,3,0.25,17
3567,8,45,nan,nan,17
3567,9,18,nan,nan,17
3567,9,21,nan,nan,17
3567,9,21,nan,nan,17
3567,9,12,nan,nan,17
3567,9,49,nan,nan,17
3567,9,21,nan,nan,17
3567,9,97,nan,nan,17
3567,9,82,nan,nan,17
3567,9,91,nan,nan,17
3567,10,41,nan,nan,17
3567,10,26,1,0.25,17
3567,10,98,nan,nan,17
3567,10,13,nan,nan,17
3567,10,18,2,0.1,17
3567,10,80,nan,nan,17
3567,10,82,2,0.1,17
3567,10,18,2,0.1,17
3567,10,59,nan,nan,17
3567,10,42,nan,nan,17
3567,10,96,nan,nan,17
3567,10,33,2,0.1,17
3567,10,54,nan,nan,17
3567,12,86,nan,nan,17
3567,12,41,2,0.1,17
3567,12,99,nan,nan,17
3567,12,51,3,0.33,17
3567,12,98,nan,nan,17
3567,12,47,nan,nan,17
3567,12,51,3,0.33,17
3567,12,33,4,0.14,17
3567,12,36,nan,nan,17
3567,12,95,nan,nan,17
3567,12,51,3,0.33,17
3567,12,47,nan,nan,17
3567,12,33,4,0.14,17
3567,12,56,nan,nan,17
3567,12,4,nan,nan,17
3567,12,55,nan,nan,17
3567,12,55,nan,nan,17
3567,12,51,3,0.33,17
3567,12,51,3,0.33,17
3567,12,51,3,0.33,17
3567,17,33,1,0.25,17
3567,17,1,nan,nan,17
3567,17,16,2,0.1,17
3567,17,3,nan,nan,17
3567,17,31,nan,nan,17
3567,17,17,nan,nan,17
3567,17,91,nan,nan,17
3567,17,27,nan,nan,17
3567,17,91,nan,nan,17
3567,17,90,3,0.25,17
3567,17,47,nan,nan,17
3567,17,57,0,0.5,17
3567,17,87,2,0.1,17
3567,18,99,nan,nan,17
3567,18,16,2,0.1,17
3567,18,85,1,0.25,17
3567,18,84,nan,nan,17
3567,18,50,nan,nan,17
3567,18,89,nan,nan,17
3567,18,80,nan,nan,17
3567,18,80,nan,nan,17
3567,18,81,nan,nan,17
3567,18,44,nan,nan,17
3567,18,53,0,0.5,17
3567,18,55,nan,nan,17
3567,18,55,nan,nan,17
3567,18,71,nan,nan,17
3567,18,80,nan,nan,17
3567,18,16,2,0.1,17
3567,18,87,2,0.1,17
3567,18,16,2,0.1,17
3567,22,66,nan,nan,17
3567,22,29,nan,nan,17
3567,22,26,nan,nan,17
3567,22,47,nan,nan,17
3567,22,66,nan,nan,17
3567,22,85,nan,nan,17
3567,22,3,nan,nan,17
3567,22,61,nan,nan,17
3567,22,16,nan,nan,17
3567,22,90,nan,nan,17
3567,22,42,nan,nan,17
3567,23,34,nan,nan,17
3567,23,66,nan,nan,17
3567,23,69,nan,nan,17
3567,23,43,nan,nan,17
3567,23,66,nan,nan,17
3567,23,46,nan,nan,17
3567,23,39,nan,nan,17
3567,23,99,nan,nan,17
3567,24,81,nan,nan,17
3567,24,22,nan,nan,17
3567,24,93,nan,nan,17
3567,24,99,nan,nan,17
3567,24,93,nan,nan,17
3567,24,95,nan,nan,17
3567,24,1,nan,nan,17
3567,24,95,nan,nan,17
3567,24,66,nan,nan,17
3567,24,93,nan,nan,17
3567,24,37,nan,nan,17
3567,24,66,nan,nan,17
3567,24,93,nan,nan,17
3567,24,71,nan,nan,17
3567,24,31,nan,nan,17
3567,24,66,nan,nan,17
3567,25,17,nan,nan,17
3567,25,68,nan,nan,17
3567,25,66,nan,nan,17
3567,25,43,nan,nan,17
3567,25,37,nan,nan,17
3567,25,6,nan,nan,17
3567,25,55,nan,nan,17
3567,25,57,nan,nan,17
3567,25,45,nan,nan,17
3567,26,37,nan,nan,17
3567,26,15,nan,nan,17
3567,26,5,nan,nan,17
3567,26,65,nan,nan,17
3567,26,8,nan,nan,17
3567,26,61,nan,nan,17
3567,26,47,nan,nan,17
3567,26,66,nan,nan,17
3567,26,34,nan,nan,17
3567,27,85,nan,nan,17
3567,27,75,1,0.25,17
3567,27,64,nan,nan,17
3567,27,88,nan,nan,17
3567,27,64,nan,nan,17
3567,27,81,nan,nan,17
3567,28,42,nan,nan,17
3567,28,75,1,0.25,17
3567,28,95,nan,nan,17
3567,28,33,nan,nan,17
3567,28,29,nan,nan,17
3567,28,56,nan,nan,17
3567,28,73,nan,nan,17
3567,28,34,nan,nan,17
3567,28,53,nan,nan,17
3567,28,68,nan,nan,17
3567,28,90,nan,nan,17
3567,28,99,nan,nan,17
3567,30,83,nan,nan,17
3567,30,68,nan,nan,17
3567,30,37,1,0.25,17
3567,30,62,nan,nan,17
3567,30,8,nan,nan,17
3567,30,69,nan,nan,17
3567,30,75,nan,nan,17
3567,30,0,nan,nan,17
3567,30,66,1,0.25,17
3567,30,25,nan,nan,17
3567,33,81,nan,nan,17
3567,33,80,nan,nan,17
3567,33,66,nan,nan,17
3567,33,29,nan,nan,17
3567,33,15,nan,nan,17
3567,33,49,nan,nan,17
3567,33,7,nan,nan,17
3567,33,75,nan,nan,17
3567,33,0,nan,nan,17
3567,33,0,nan,nan,17
3567,35,80,nan,nan,17
3567,35,63,2,0.1,17
3567,35,92,nan,nan,17
3567,35,1,nan,nan,17
3567,35,92,nan,nan,17
3567,35,92,nan,nan,17
3567,35,81,nan,nan,17
3567,35,7,nan,nan,17
3567,35,62,nan,nan,17
3567,35,92,nan,nan,17
3567,35,36,nan,nan,17
3567,35,42,0,0.5,17
3567,35,80,nan,nan,17
3567,40,45,nan,nan,17
3567,40,66,nan,nan,17
3567,40,44,nan,nan,17
3567,40,11,nan,nan,17
3567,40,99,nan,nan,17
3567,40,90,nan,nan,17
3567,40,27,nan,nan,17
3567,40,66,nan,nan,17
3567,40,11,nan,nan,17
3567,40,42,nan,nan,17
3567,40,39,nan,nan,17
3567,40,23,nan,nan,17
3567,40,80,nan,nan,17
3567,40,65,nan,nan,17
3567,43,47,nan,nan,17
3567,43,81,nan,nan,17
3567,43,42,nan,nan,17
3567,43,98,nan,nan,17
3567,43,94,nan,nan,17
3567,43,25,nan,nan,17
3567,43,72,nan,nan,17
3567,43,96,nan,nan,17
3567,43,15,nan,nan,17
3567,43,11,nan,nan,17
3567,43,68,nan,nan,17
3567,43,36,nan,nan,17
3567,43,92,nan,nan,17
3567,44,94,nan,nan,17
3567,44,11,nan,nan,17
3567,44,2,nan,nan,17
3567,44,97,nan,nan,17
3567,44,34,nan,nan,17
3567,44,81,nan,nan,17
3567,44,66,nan,nan,17
3567,44,36,nan,nan,17
3567,44,63,nan,nan,17
3567,44,17,nan,nan,17
3567,44,87,nan,nan,17
3567,45,37,nan,nan,17
3567,45,84,nan,nan,17
3567,45,34,nan,nan,17
3567,45,70,nan,nan,17
3567,45,80,nan,nan,17
3567,45,8,nan,nan,17
3567,45,17,nan,nan,17
3567,45,28,nan,nan,17
3567,45,89,nan,nan,17
3567,45,21,nan,nan,17
3567,45,8,nan,nan,17
3567,45,42,nan,nan,17
3567,45,70,nan,nan,17
3567,45,15,nan,nan,17
3567,45,36,nan,nan,17
3567,45,2,nan,nan,17
3567,46,24,nan,nan,17
3567,46,76,1,0.25,17
3567,46,24,nan,nan,17
3567,46,31,nan,nan,17
3567,46,83,nan,nan,17
3567,46,80,nan,nan,17
3567,46,79,nan,nan,17
3567,46,21,nan,nan,17
3567,46,24,nan,nan,17
3567,46,25,3,0.25,17
3567,46,41,nan,nan,17
3567,46,72,nan,nan,17
3567,46,73,nan,nan,17
3567,46,62,nan,nan,17
3567,46,77,4,0.31,17
3567,46,24,nan,nan,17
3567,46,66,2,0.1,17
3567,46,38,nan,nan,17
3567,46,24,nan,nan,17
3567,47,63,0,0.5,17
3567,47,62,nan,nan,17
3567,47,25,3,0.25,17
3567,47,8,nan,nan,17
3567,47,8,nan,nan,17
3567,47,94,nan,nan,17
3567,47,11,nan,nan,17
3567,47,24,nan,nan,17
3567,47,45,nan,nan,17
3567,47,12,1,0.25,17
3567,50,15,nan,nan,17
3567,50,1,nan,nan,17
3567,50,37,nan,nan,17
3567,50,30,0,0.5,17
3567,50,31,2,0.1,17
3567,50,71,nan,nan,17
3567,50,8,nan,nan,17
3567,50,66,nan,nan,17
3567,50,15,nan,nan,17
3567,50,86,nan,nan,17
3567,50,38,nan,nan,17
3567,50,22,nan,nan,17
3567,53,13,nan,nan,17
3567,53,10,nan,nan,17
3567,53,65,nan,nan,17
3567,53,46,nan,nan,17
3567,53,84,nan,nan,17
3567,53,61,nan,nan,17
3567,53,19,nan,nan,17
3567,53,65,nan,nan,17
3567,53,61,nan,nan,17
3567,54,65,nan,nan,17
3567,54,55,nan,nan,17
3567,54,84,nan,nan,17
3567,54,94,nan,nan,17
3567,54,93,nan,nan,17
3567,54,70,nan,nan,17
3567,54,43,nan,nan,17
3567,54,8,nan,nan,17
3567,54,15,nan,nan,17
3567,54,80,nan,nan,17
3567,57,97,nan,nan,17
3567,57,23,nan,nan,17
3567,57,59,nan,nan,17
3567,57,2,nan,nan,17
3567,57,23,nan,nan,17
3567,57,65,nan,nan,17
3567,57,58,nan,nan,17
3567,60,98,3,0.25,17
3567,60,44,nan,nan,17
3567,60,43,nan,nan,17
3567,60,62,nan,nan,17
3567,60,30,nan,nan,17
3567,60,96,nan,nan,17
3567,60,71,nan,nan,17
3567,60,68,nan,nan,17
3567,60,21,nan,nan,17
3567,60,69,nan,nan,17
3567,60,49,nan,nan,17
3567,60,26,nan,nan,17
3567,65,18,2,0.1,17
3567,65,61,nan,nan,17
3567,65,15,nan,nan,17
3567,65,27,nan,nan,17
3567,65,4,nan,nan,17
3567,65,59,nan,nan,17
3567,65,31,nan,nan,17
3567,65,55,nan,nan,17
3567,65,18,2,0.1,17
3567,65,18,2,0.1,17
3567,65,14,nan,nan,17
3567,65,85,nan,nan,17
3567,65,54,1,0.25,17
3567,65,27,nan,nan,17
3567,65,37,2,0.1,17
3567,65,70,nan,nan,17
3567,65,34,nan,nan,17
3567,65,33,nan,nan,17
3567,65,33,nan,nan,17
3567,66,4,nan,nan,17
3567,66,95,nan,nan,17
3567,66,34,nan,nan,17
3567,66,4,nan,nan,17
3567,66,0,nan,nan,17
3567,66,7,nan,nan,17
3567,66,25,nan,nan,17
3567,66,79,nan,nan,17
3567,66,18,nan,nan,17
3567,66,37,nan,nan,17
3567,66,65,nan,nan,17
3567,66,56,nan,nan,17
3567,66,66,nan,nan,17
3567,66,40,nan,nan,17
3567,66,87,nan,nan,17
3567,67,12,nan,nan,17
3567,67,78,nan,nan,17
3567,67,81,nan,nan,17
3567,67,4,nan,nan,17
3567,67,44,nan,nan,17
3567,67,68,nan,nan,17
3567,67,15,nan,nan,17
3567,67,66,nan,nan,17
3567,67,89,nan,nan,17
3567,67,34,nan,nan,17
3567,67,40,nan,nan,17
3567,67,99,nan,nan,17
3567,67,19,nan,nan,17
3567,67,5,nan,nan,17
3567,67,17,nan,nan,17
3567,70,16,2,0.1,17
3567,70,27,3,0.25,17
3567,70,16,2,0.1,17
3567,70,47,nan,nan,17
3567,70,44,0,0.5,17
3567,70,37,nan,nan,17
3567,70,7,nan,nan,17
3567,70,52,2,0.1,17
3567,70,47,nan,nan,17
3567,70,54,nan,nan,17
3567,70,68,nan,nan,17
3567,70,87,nan,nan,17
3567,74,66,nan,nan,17
3567,74,81,3,0.25,17
3567,74,22,nan,nan,17
3567,74,3,nan,nan,17
3567,74,61,1,0.25,17
3567,74,99,nan,nan,17
3567,74,3,nan,nan,17
3567,74,57,1,0.25,17
3567,74,59,nan,nan,17
3567,74,61,1,0.25,17
3567,74,36,nan,nan,17
3567,75,68,nan,nan,17
3567,75,34,2,0.1,17
3567,75,99,1,0.25,17
3567,75,80,nan,nan,17
3567,75,16,nan,nan,17
3567,75,49,nan,nan,17
3567,75,68,nan,nan,17
3567,75,95,nan,nan,17
3567,75,99,1,0.25,17
3567,75,61,nan,nan,17
3567,75,66,nan,nan,17
3567,75,98,nan,nan,17
3567,75,6,nan,nan,17
3567,75,78,nan,nan,17
3567,77,80,nan,nan,17
3567,77,71,nan,nan,17
3567,77,30,2,0.1,17
3567,77,37,nan,nan,17
3567,77,84,nan,nan,17
3567,77,93,nan,nan,17
3567,77,20,nan,nan,17
3567,77,68,nan,nan,17
3567,77,93,nan,nan,17
3567,77,17,nan,nan,17
3567,77,17,nan,nan,17
3567,78,44,2,0.1,17
3567,78,51,nan,nan,17
3567,78,51,nan,nan,17
3567,78,68,nan,nan,17
3567,78,43,nan,nan,17
3567,78,68,nan,nan,17
3567,78,71,nan,nan,17
3567,78,66,nan,nan,17
3567,78,8,nan,nan,17
3567,78,75,nan,nan,17
3567,78,68,nan,nan,17
3567,78,37,nan,nan,17
3567,78,81,nan,nan,17
3567,78,53,3,0.33,17
3567,78,66,nan,nan,17
3567,78,8,nan,nan,17
3567,79,60,nan,nan,17
3567,79,68,nan,nan,17
3567,79,90,nan,nan,17
3567,79,96,nan,nan,17
3567,79,29,nan,nan,17
3567,79,0,nan,nan,17
3567,79,72,nan,nan,17
3567,79,64,nan,nan,17
3567,79,95,nan,nan,17
3567,79,99,nan,nan,17
3567,79,43,nan,nan,17
3567,79,68,nan,nan,17
3567,79,71,nan,nan,17
3567,79,75,nan,nan,17
3567,83,97,nan,nan,17
3567,83,6,nan,nan,17
3567,83,89,nan,nan,17
3567,83,12,nan,nan,17
3567,83,75,nan,nan,17
3567,83,15,nan,nan,17
3567,83,77,nan,nan,17
3567,85,92,nan,nan,17
3567,85,7,nan,nan,17
3567,85,7,nan,nan,17
3567,85,37,nan,nan,17
3567,85,20,nan,nan,17
3567,85,60,nan,nan,17
3567,85,31,nan,nan,17
3567,85,67,nan,nan,17
3567,85,51,nan,nan,17
3567,85,57,nan,nan,17
3567,85,33,nan,nan,17
3567,85,54,nan,nan,17
3567,85,75,nan,nan,17
3567,85,6,nan,nan,17
3567,85,99,nan,nan,17
3567,85,5,nan,nan,17
3567,87,62,nan,nan,17
3567,87,7,nan,nan,17
3567,87,97,2,0.1,17
3567,87,12,2,0.1,17
3567,87,68,nan,nan,17
3567,87,23,nan,nan,17
3567,87,37,0,0.5,17
3567,87,99,nan,nan,17
3567,87,99,nan,nan,17
3567,87,22,nan,nan,17
3567,87,57,2,0.1,17
3567,87,7,nan,nan,17
3567,87,76,nan,nan,17
3567,87,80,1,0.25,17
3567,87,44,2,0.1,17
3567,87,57,2,0.1,17
3567,94,72,nan,nan,17
3567,94,45,nan,nan,17
3567,94,11,nan,nan,17
3567,94,38,nan,nan,17
3567,94,96,nan,nan,17
3567,94,60,nan,nan,17
3567,94,76,nan,nan,17
3567,94,67,nan,nan,17
3567,94,76,nan,nan,17
3567,94,98,nan,nan,17
3567,94,40,nan,nan,17
3567,94,60,nan,nan,17
3567,94,35,nan,nan,17
3567,94,81,nan,nan,17
3567,95,31,nan,nan,17
3567,95,88,1,0.25,17
3567,95,94,nan,nan,17
3567,95,73,1,0.25,17
3567,95,12,nan,nan,17
3567,95,96,nan,nan,17
3567,95,99,nan,nan,17
3567,95,16,2,0.1,17
3567,95,38,2,0.1,17
3567,95,94,nan,nan,17
3567,95,90,1,0.25,17
3567,95,4,nan,nan,17
3567,96,20,nan,nan,17
3567,96,2,nan,nan,17
3567,96,80,nan,nan,17
3567,96,61,nan,nan,17
3567,96,38,2,0.1,17
3567,96,68,nan,nan,17
3567,96,94,nan,nan,17
3567,96,38,2,0.1,17
3567,98,25,nan,nan,17
3567,98,99,nan,nan,17
3567,98,44,nan,nan,17
3567,98,44,nan,nan,17
3567,98,62,nan,nan,17
3567,98,53,nan,nan,17
3567,98,81,nan,nan,17
3567,98,24,nan,nan,17
3567,98,60,nan,nan,17
3567,98,90,nan,nan,17
3567,98,24,nan,nan,17
3567,98,51,nan,nan,17
3567,98,73,nan,nan,17
3567,98,94,nan,nan,17
3567,98,31,nan,nan,17
3567,98,61,nan,nan,17
3567,103,17,nan,nan,17
3567,103,42,nan,nan,17
3567,103,45,nan,nan,17
3567,103,37,nan,nan,17
3567,103,24,nan,nan,17
3567,103,55,nan,nan,17
3567,103,42,nan,nan,17
3567,103,8,nan,nan,17
3567,103,3,nan,nan,17
3567,103,31,nan,nan,17
3567,103,61,nan,nan,17
3567,105,58,nan,nan,17
3567,105,84,nan,nan,17
3567,105,61,nan,nan,17
3567,105,84,nan,nan,17
3567,105,84,nan,nan,17
3567,105,37,nan,nan,17
3567,105,54,nan,nan,17
3567,105,36,nan,nan,17
3567,105,84,nan,nan,17
3567,107,47,2,0.1,17
3567,107,65,nan,nan,17
3567,107,42,nan,nan,17
3567,107,53,nan,nan,17
3567,107,68,1,0.25,17
3567,107,10,nan,nan,17
3567,107,49,nan,nan,17
3567,107,44,nan,nan,17
3567,107,55,nan,nan,17
3567,107,55,nan,nan,17
3567,107,53,nan,nan,17
3567,107,53,nan,nan,17
3567,112,52,nan,nan,17
3567,112,37,nan,nan,17
3567,112,15,nan,nan,17
3567,112,4,nan,nan,17
3567,112,1,3,0.25,17
3567,112,43,nan,nan,17
3567,112,26,nan,nan,17
3567,112,41,nan,nan,17
3567,112,65,nan,nan,17
3567,112,47,nan,nan,17
3567,113,75,nan,nan,17
3567,113,13,nan,nan,17
3567,113,83,nan,nan,17
3567,113,86,nan,nan,17
3567,113,67,4,0.5,17
3567,113,38,nan,nan,17
3567,113,15,nan,nan,17
3567,113,67,4,0.5,17
3567,115,41,nan,nan,17
3567,115,34,nan,nan,17
3567,115,18,nan,nan,17
3567,115,36,nan,nan,17
3567,115,28,nan,nan,17
3567,115,90,nan,nan,17
3567,115,89,nan,nan,17
3567,115,8,nan,nan,17
3567,115,0,nan,nan,17
3567,115,81,nan,nan,17
3567,115,7,nan,nan,17
3567,115,18,nan,nan,17
3567,117,64,nan,nan,17
3567,117,22,nan,nan,17
3567,117,54,nan,nan,17
3567,117,18,nan,nan,17
3567,117,59,nan,nan,17
3567,117,88,nan,nan,17
3567,117,65,nan,nan,17
3567,117,81,nan,nan,17
3567,117,9,nan,nan,17
3567,117,27,nan,nan,17
3567,117,20,nan,nan,17
3567,117,34,nan,nan,17
3567,117,87,nan,nan,17
3567,117,96,nan,nan,17
3567,117,96,nan,nan,17
3567,117,33,nan,nan,17
3567,117,39,nan,nan,17
3567,117,12,nan,nan,17
3567,117,78,nan,nan,17
3567,120,22,nan,nan,17
3567,120,17,nan,nan,17
3567,120,5,nan,nan,17
3567,120,90,1,0.25,17
3567,120,89,nan,nan,17
3567,120,52,nan,nan,17
3567,120,53,nan,nan,17
3567,120,31,nan,nan,17
3567,120,89,nan,nan,17
3567,120,26,nan,nan,17
3567,120,87,3,0.25,17
3567,121,47,nan,nan,17
3567,121,81,nan,nan,17
3567,121,46,nan,nan,17
3567,121,61,nan,nan,17
3567,121,16,nan,nan,17
3567,121,99,0,0.5,17
3567,121,91,nan,nan,17
3567,121,12,1,0.25,17
3567,121,77,nan,nan,17
3567,121,89,1,0.25,17
3567,121,34,nan,nan,17
3567,121,81,nan,nan,17
3567,122,74,nan,nan,17
3567,122,90,nan,nan,17
3567,122,47,nan,nan,17
3567,122,66,nan,nan,17
3567,122,42,nan,nan,17
3567,122,47,nan,nan,17
3567,122,12,nan,nan,17
3567,125,94,nan,nan,17
3567,125,80,nan,nan,17
3567,125,90,nan,nan,17
3567,125,66,nan,nan,17
3567,125,45,nan,nan,17
3567,125,44,nan,nan,17
3567,125,3,nan,nan,17
3567,125,43,nan,nan,17
3567,128,71,nan,nan,17
3567,128,37,nan,nan,17
3567,128,66,nan,nan,17
3567,128,99,nan,nan,17
3567,128,5,nan,nan,17
3567,128,47,nan,nan,17
3567,128,68,nan,nan,17
3567,128,89,nan,nan,17
3567,128,73,nan,nan,17
3567,128,43,nan,nan,17
3567,129,66,1,0.25,17
3567,129,91,nan,nan,17
3567,129,45,nan,nan,17
3567,129,15,nan,nan,17
3567,129,94,nan,nan,17
3567,129,73,2,0.1,17
3567,129,23,nan,nan,17
3567,129,70,nan,nan,17
3567,129,37,nan,nan,17
3567,129,41,nan,nan,17
3567,129,54,3,0.25,17
3567,129,43,nan,nan,17
3567,130,99,nan,nan,17
3567,130,93,nan,nan,17
3567,130,68,1,0.25,17
3567,130,43,nan,nan,17
3567,130,67,nan,nan,17
3567,130,71,3,0.25,17
3567,130,68,1,0.25,17
3567,130,68,1,0.25,17
3567,130,65,1,0.25,17
3567,130,66,1,0.25,17
3567,130,35,nan,nan,17
3567,130,99,nan,nan,17
3567,130,43,nan,nan,17
3567,130,43,nan,nan,17
3567,130,43,nan,nan,17
3567,131,99,nan,nan,17
3567,131,75,nan,nan,17
3567,131,68,nan,nan,17
3567,131,68,nan,nan,17
3567,131,17,nan,nan,17
3567,131,43,nan,nan,17
3567,131,11,nan,nan,17
3567,131,40,nan,nan,17
3567,131,99,nan,nan,17
3567,131,17,nan,nan,17
3567,131,63,nan,nan,17
3567,131,37,nan,nan,17
3567,131,68,nan,nan,17
3567,131,68,nan,nan,17
3567,131,71,nan,nan,17
3567,131,9,nan,nan,17
3567,131,61,nan,nan,17
3567,131,75,nan,nan,17
3567,131,94,nan,nan,17
3567,131,71,nan,nan,17
3567,133,23,nan,nan,17
3567,133,48,nan,nan,17
3567,133,18,nan,nan,17
3567,133,99,nan,nan,17
3567,133,44,nan,nan,17
3567,133,32,nan,nan,17
3567,133,17,nan,nan,17
3567,133,50,nan,nan,17
3567,133,29,nan,nan,17
3567,133,37,nan,nan,17
3567,133,34,nan,nan,17
3567,133,63,nan,nan,17
3567,133,71,nan,nan,17
3567,133,30,nan,nan,17
3567,133,29,nan,nan,17
3567,133,18,nan,nan,17
3567,133,29,nan,nan,17
3567,133,15,nan,nan,17
3567,133,99,nan,nan,17
3567,133,61,nan,nan,17
3567,133,63,nan,nan,17
3567,133,60,nan,nan,17
3567,133,91,nan,nan,17
3567,134,48,nan,nan,17
3567,134,7,nan,nan,17
3567,134,81,nan,nan,17
3567,134,75,nan,nan,17
3567,134,86,nan,nan,17
3567,134,75,nan,nan,17
3567,134,74,nan,nan,17
3567,134,29,nan,nan,17
3567,134,54,nan,nan,17
3567,134,44,nan,nan,17
3567,134,68,nan,nan,17
3567,134,20,nan,nan,17
3567,134,57,nan,nan,17
3567,134,55,nan,nan,17
3567,134,58,nan,nan,17
3567,136,60,nan,nan,17
3567,136,15,nan,nan,17
3567,136,96,nan,nan,17
3567,136,0,nan,nan,17
3567,136,29,nan,nan,17
3567,136,79,nan,nan,17
3567,136,54,nan,nan,17
3567,136,52,nan,nan,17
3567,136,76,nan,nan,17
3567,136,39,nan,nan,17
3567,136,41,nan,nan,17
3567,136,19,nan,nan,17
3567,136,11,1,0.25,17
3567,136,52,nan,nan,17
3567,136,89,nan,nan,17
3567,138,57,nan,nan,17
3567,138,80,nan,nan,17
3567,138,10,nan,nan,17
3567,138,17,nan,nan,17
3567,138,0,1,0.25,17
3567,138,7,nan,nan,17
3567,138,44,nan,nan,17
3567,140,92,nan,nan,17
3567,140,15,nan,nan,17
3567,140,62,nan,nan,17
3567,140,78,nan,nan,17
3567,140,80,nan,nan,17
3567,140,63,nan,nan,17
3567,140,96,nan,nan,17
3567,140,92,nan,nan,17
3567,140,42,nan,nan,17
3567,140,84,nan,nan,17
3567,140,95,nan,nan,17
3567,141,92,nan,nan,17
3567,141,62,nan,nan,17
3567,141,57,nan,nan,17
3567,141,83,nan,nan,17
3567,141,94,nan,nan,17
3567,141,62,nan,nan,17
3567,141,42,nan,nan,17
3567,141,33,nan,nan,17
3567,141,16,nan,nan,17
3567,141,71,nan,nan,17
3567,141,83,nan,nan,17
3567,141,85,nan,nan,17
3567,141,35,nan,nan,17
3567,143,11,nan,nan,17
3567,143,12,nan,nan,17
3567,143,99,nan,nan,17
3567,143,54,nan,nan,17
3567,143,80,nan,nan,17
3567,143,39,nan,nan,17
3567,143,42,nan,nan,17
3567,143,69,nan,nan,17
3567,143,15,nan,nan,17
3567,143,82,nan,nan,17
3567,143,61,2,0.1,17
3567,143,7,2,0.1,17
3567,143,11,nan,nan,17
3567,143,74,nan,nan,17
3567,143,92,nan,nan,17
3567,143,97,0,0.5,17
3567,147,12,nan,nan,17
3567,147,94,nan,nan,17
3567,147,94,nan,nan,17
3567,147,96,nan,nan,17
3567,147,43,2,0.1,17
3567,147,27,nan,nan,17
3567,147,31,nan,nan,17
3567,147,13,nan,nan,17
3567,147,56,2,0.1,17
3567,149,16,nan,nan,17
3567,149,78,nan,nan,17
3567,149,23,nan,nan,17
3567,149,78,nan,nan,17
3567,149,49,nan,nan,17
3567,149,54,nan,nan,17
3567,149,52,nan,nan,17
3567,149,24,nan,nan,17
3567,149,31,nan,nan,17
3567,149,19,nan,nan,17
3567,149,24,nan,nan,17
3567,149,30,nan,nan,17
3567,149,47,nan,nan,17
3567,149,94,nan,nan,17
3567,149,0,nan,nan,17
3567,149,37,nan,nan,17
3567,149,31,nan,nan,17
3567,150,15,nan,nan,17
3567,150,24,nan,nan,17
3567,150,48,nan,nan,17
3567,150,5,nan,nan,17
3567,150,50,nan,nan,17
3567,150,67,nan,nan,17
3567,150,24,nan,nan,17
3567,150,26,nan,nan,17
3567,150,10,nan,nan,17
3567,150,36,nan,nan,17
3567,150,54,nan,nan,17
3567,30,1,1,0.25,17
3567,7,4,0,0.5,17
3567,7,23,1,0.25,17
3567,121,6,2,0.1,17
3567,136,12,1,0.25,17
3567,136,90,1,0.25,17
3567,123,24,0,0.5,17
3567,123,75,0,0.5,17
3567,123,96,0,0.5,17
3567,82,25,0,0.5,17
3567,82,65,3,0.5,17
3567,82,65,3,0.5,17
3567,86,26,0,0.5,17
3567,86,90,2,0.1,17
3567,51,31,2,0.1,17
3567,28,32,0,0.5,17
3567,87,37,0,0.5,17
3567,35,42,0,0.5,17
3567,70,44,0,0.5,17
3567,119,47,0,0.5,17
3567,92,53,1,0.25,17
3567,102,74,nan,nan,17
3567,106,90,1,0.25,17
3567,106,94,1,0.25,17
3567,29,95,1,0.25,17
3567,60,95,3,0.5,17
3567,60,95,3,0.5,17
3567,20,97,3,0.33,17
3568,9,77,nan,nan,25
3568,9,82,nan,nan,25
3568,9,20,nan,nan,25
3568,9,14,nan,nan,25
3568,9,50,nan,nan,25
3568,19,2,nan,nan,25
3568,19,37,nan,nan,25
3568,23,81,nan,nan,25
3568,23,31,nan,nan,25
3568,23,71,nan,nan,25
3568,23,57,nan,nan,25
3568,49,12,nan,nan,25
3568,49,92,nan,nan,25
3568,49,12,nan,nan,25
3568,49,98,nan,nan,25
3568,49,0,nan,nan,25
3568,78,79,nan,nan,25
3568,78,71,nan,nan,25
3568,91,11,nan,nan,25
3568,91,71,nan,nan,25
3568,91,39,nan,nan,25
3568,91,58,nan,nan,25
3568,91,1,1,0.25,25
3568,91,84,nan,nan,25
3568,99,11,nan,nan,25
3568,99,8,nan,nan,25
3568,99,80,nan,nan,25
3568,99,3,nan,nan,25
3568,99,46,nan,nan,25
3568,118,68,nan,nan,25
3568,118,61,nan,nan,25
3568,118,87,nan,nan,25
3568,118,67,nan,nan,25
3568,118,43,nan,nan,25
3568,118,69,nan,nan,25
3568,120,89,nan,nan,25
3568,120,1,nan,nan,25
3568,120,43,nan,nan,25
3568,120,16,nan,nan,25
3568,120,87,nan,nan,25
3568,120,21,nan,nan,25
3568,120,22,nan,nan,25
3568,125,81,nan,nan,25
3568,125,90,nan,nan,25
3568,125,90,nan,nan,25
3568,125,22,nan,nan,25
3568,125,71,nan,nan,25
3568,125,50,nan,nan,25
3568,125,22,nan,nan,25
3568,125,31,nan,nan,25
3568,125,12,nan,nan,25
3568,125,95,nan,nan,25
3568,125,10,nan,nan,25
3568,125,3,nan,nan,25
3568,129,46,nan,nan,25
3568,129,50,nan,nan,25
3568,135,66,nan,nan,25
3568,147,56,nan,nan,25
3568,147,57,nan,nan,25
3568,147,44,nan,nan,25
3568,154,80,nan,nan,25
3568,154,8,nan,nan,25
3568,154,12,nan,nan,25
3568,154,66,nan,nan,25
3568,154,90,nan,nan,25
3568,154,23,nan,nan,25
3568,154,94,nan,nan,25
3568,154,60,nan,nan,25
3568,7,4,0,0.5,25
3568,7,74,1,0.25,25
3568,106,4,0,0.5,25
3568,119,7,3,0.5,25
3568,119,42,3,0.5,25
3568,119,7,3,0.5,25
3568,119,42,3,0.5,25
3568,11,11,0,0.5,25
3568,80,16,1,0.25,25
3568,69,24,1,0.25,25
3568,15,26,1,0.25,25
3568,75,27,4,0.39,25
3568,75,4,nan,nan,25
3568,72,35,0,0.5,25
3568,143,38,3,0.25,25
3568,82,42,0,0.5,25
3568,82,69,3,0.33,25
3568,82,84,2,0.1,25
3568,132,42,1,0.25,25
3568,152,52,0,0.5,25
3568,152,74,3,0.25,25
3568,107,68,1,0.25,25
3568,74,71,0,0.5,25
3568,21,75,0,0.5,25
3568,5,80,2,0.1,25
3568,103,80,0,0.5,25
3568,30,89,1,0.25,25
3568,30,89,1,0.25,25
3568,3,95,0,0.5,25
3569,1,99,nan,nan,11
3569,1,7,nan,nan,11
3569,1,11,nan,nan,11
3569,1,54,nan,nan,11
3569,1,47,nan,nan,11
