13489,6,70,nan,nan,7
13489,6,37,nan,nan,7
13489,6,79,nan,nan,7
13489,6,34,nan,nan,7
13489,6,6,nan,nan,7
13489,6,66,nan,nan,7
13489,6,86,nan,nan,7
13489,6,64,nan,nan,7
13489,8,59,nan,nan,7
13489,8,34,nan,nan,7
13489,8,71,nan,nan,7
13489,8,69,nan,nan,7
13489,8,47,nan,nan,7
13489,8,31,3,0.25,7
13489,8,36,nan,nan,7
13489,8,65,nan,nan,7
13489,8,63,nan,nan,7
13489,8,65,nan,nan,7
13489,8,90,nan,nan,7
13489,8,11,3,0.25,7
13489,8,18,nan,nan,7
13489,11,84,nan,nan,7
13489,11,98,nan,nan,7
13489,11,51,nan,nan,7
13489,11,32,nan,nan,7
13489,11,6,nan,nan,7
13489,11,10,nan,nan,7
13489,11,98,nan,nan,7
13489,11,81,nan,nan,7
13489,11,60,nan,nan,7
13489,11,80,nan,nan,7
13489,11,27,nan,nan,7
13489,11,9,nan,nan,7
13489,11,7,nan,nan,7
13489,13,44,nan,nan,7
13489,13,93,nan,nan,7
13489,13,47,nan,nan,7
13489,13,33,nan,nan,7
13489,13,4,nan,nan,7
13489,13,18,nan,nan,7
13489,13,1,nan,nan,7
13489,13,84,nan,nan,7
13489,13,27,nan,nan,7
13489,15,31,nan,nan,7
13489,15,87,nan,nan,7
13489,15,88,nan,nan,7
13489,15,98,nan,nan,7
13489,15,82,nan,nan,7
13489,15,38,nan,nan,7
13489,15,82,nan,nan,7
13489,15,61,nan,nan,7
13489,15,12,nan,nan,7
13489,15,67,nan,nan,7
13489,15,85,nan,nan,7
13489,15,25,nan,nan,7
13489,15,54,nan,nan,7
13489,22,61,nan,nan,7
13489,22,80,2,0.1,7
13489,22,22,nan,nan,7
13489,22,37,2,0.1,7
13489,22,58,nan,nan,7
13489,22,6,nan,nan,7
13489,22,79,nan,nan,7
13489,22,81,nan,nan,7
13489,22,35,nan,nan,7
13489,22,44,nan,nan,7
13489,22,96,nan,nan,7
13489,22,81,nan,nan,7
13489,22,22,nan,nan,7
13489,22,29,nan,nan,7
13489,22,33,nan,nan,7
13489,22,66,nan,nan,7
13489,24,68,nan,nan,7
13489,24,20,nan,nan,7
13489,24,68,nan,nan,7
13489,24,48,nan,nan,7
13489,24,68,nan,nan,7
13489,24,68,nan,nan,7
13489,24,41,nan,nan,7
13489,24,66,nan,nan,7
13489,24,66,nan,nan,7
13489,24,12,nan,nan,7
13489,24,66,nan,nan,7
13489,24,0,nan,nan,7
13489,24,37,nan,nan,7
13489,24,44,nan,nan,7
13489,24,93,nan,nan,7
13489,28,46,nan,nan,7
13489,28,89,nan,nan,7
13489,28,68,nan,nan,7
13489,28,37,nan,nan,7
13489,28,66,nan,nan,7
13489,28,61,nan,nan,7
13489,28,91,nan,nan,7
13489,28,66,nan,nan,7
13489,28,12,nan,nan,7
13489,28,71,nan,nan,7
13489,28,43,nan,nan,7
13489,28,71,nan,nan,7
13489,32,15,1,0.25,7
13489,32,19,nan,nan,7
13489,32,15,1,0.25,7
13489,32,6,nan,nan,7
13489,32,12,nan,nan,7
13489,32,12,nan,nan,7
13489,32,5,2,0.1,7
13489,32,54,nan,nan,7
13489,32,52,nan,nan,7
13489,32,17,nan,nan,7
13489,32,44,nan,nan,7
13489,32,19,nan,nan,7
13489,32,7,nan,nan,7
13489,32,20,nan,nan,7
13489,32,52,nan,nan,7
13489,44,96,2,0.1,7
13489,44,98,nan,nan,7
13489,44,15,nan,nan,7
13489,44,31,2,0.1,7
13489,44,31,2,0.1,7
13489,44,36,nan,nan,7
13489,44,84,nan,nan,7
13489,44,24,nan,nan,7
13489,48,54,nan,nan,7
13489,48,81,nan,nan,7
13489,48,86,nan,nan,7
13489,48,12,nan,nan,7
13489,48,15,nan,nan,7
13489,48,24,2,0.1,7
13489,48,15,nan,nan,7
13489,48,13,nan,nan,7
13489,48,47,2,0.1,7
13489,48,70,nan,nan,7
13489,48,38,nan,nan,7
13489,50,14,nan,nan,7
13489,50,39,nan,nan,7
13489,50,56,nan,nan,7
13489,50,74,nan,nan,7
13489,50,90,2,0.1,7
13489,50,59,2,0.1,7
13489,50,76,nan,nan,7
13489,50,45,nan,nan,7
13489,50,50,nan,nan,7
13489,51,8,nan,nan,7
13489,51,67,4,0.5,7
13489,51,87,nan,nan,7
13489,51,48,1,0.25,7
13489,51,52,nan,nan,7
13489,51,67,4,0.5,7
13489,51,54,nan,nan,7
13489,51,44,2,0.1,7
13489,51,35,nan,nan,7
13489,51,53,nan,nan,7
13489,51,82,nan,nan,7
13489,51,67,4,0.5,7
13489,51,67,4,0.5,7
13489,55,38,nan,nan,7
13489,55,65,nan,nan,7
13489,55,64,nan,nan,7
13489,55,34,nan,nan,7
13489,55,53,nan,nan,7
13489,55,4,nan,nan,7
13489,55,97,nan,nan,7
13489,55,19,nan,nan,7
13489,55,59,nan,nan,7
13489,56,90,nan,nan,7
13489,56,85,nan,nan,7
13489,56,80,nan,nan,7
13489,56,90,nan,nan,7
13489,56,59,nan,nan,7
13489,56,3,nan,nan,7
13489,56,94,nan,nan,7
13489,56,90,nan,nan,7
13489,56,76,nan,nan,7
13489,56,8,nan,nan,7
13489,56,83,nan,nan,7
13489,56,98,nan,nan,7
13489,58,34,nan,nan,7
13489,58,44,nan,nan,7
13489,58,6,nan,nan,7
13489,58,23,nan,nan,7
13489,58,37,nan,nan,7
13489,58,15,nan,nan,7
13489,58,56,nan,nan,7
13489,58,23,nan,nan,7
13489,58,87,nan,nan,7
13489,58,11,nan,nan,7
13489,58,2,nan,nan,7
13489,58,2,nan,nan,7
13489,58,61,nan,nan,7
13489,58,65,nan,nan,7
13489,60,26,nan,nan,7
13489,60,14,nan,nan,7
13489,60,93,nan,nan,7
13489,60,73,nan,nan,7
13489,60,95,nan,nan,7
13489,60,30,nan,nan,7
13489,60,82,nan,nan,7
13489,60,71,nan,nan,7
13489,60,66,nan,nan,7
13489,60,49,nan,nan,7
13489,60,32,nan,nan,7
13489,60,82,nan,nan,7
13489,69,95,nan,nan,7
13489,69,19,1,0.25,7
13489,69,47,nan,nan,7
13489,69,59,nan,nan,7
13489,69,91,nan,nan,7
13489,69,80,nan,nan,7
13489,69,89,nan,nan,7
13489,69,5,nan,nan,7
13489,69,16,2,0.1,7
13489,69,38,2,0.1,7
13489,69,84,2,0.1,7
13489,69,29,2,0.1,7
13489,69,16,2,0.1,7
13489,69,37,nan,nan,7
13489,69,90,nan,nan,7
13489,71,17,nan,nan,7
13489,71,90,nan,nan,7
13489,71,85,nan,nan,7
13489,71,81,nan,nan,7
13489,71,64,nan,nan,7
13489,71,47,nan,nan,7
13489,71,40,nan,nan,7
13489,71,16,nan,nan,7
13489,71,44,nan,nan,7
13489,71,47,nan,nan,7
13489,71,47,nan,nan,7
13489,78,71,nan,nan,7
13489,78,15,nan,nan,7
13489,78,9,nan,nan,7
13489,78,90,nan,nan,7
13489,78,24,nan,nan,7
13489,78,29,nan,nan,7
13489,78,99,nan,nan,7
13489,78,42,nan,nan,7
13489,78,99,nan,nan,7
13489,78,43,nan,nan,7
13489,78,26,nan,nan,7
13489,78,40,nan,nan,7
13489,78,8,nan,nan,7
13489,78,97,nan,nan,7
13489,78,99,nan,nan,7
13489,78,25,nan,nan,7
13489,78,44,nan,nan,7
13489,78,66,nan,nan,7
13489,81,71,nan,nan,7
13489,81,80,nan,nan,7
13489,81,37,nan,nan,7
13489,81,68,nan,nan,7
13489,81,37,nan,nan,7
13489,81,99,nan,nan,7
13489,81,12,1,0.25,7
13489,81,53,nan,nan,7
13489,83,61,nan,nan,7
13489,83,34,nan,nan,7
13489,83,54,nan,nan,7
13489,83,62,nan,nan,7
13489,83,53,nan,nan,7
13489,83,52,nan,nan,7
13489,83,56,nan,nan,7
13489,83,59,nan,nan,7
13489,83,20,nan,nan,7
13489,83,99,nan,nan,7
13489,83,57,nan,nan,7
13489,83,21,nan,nan,7
13489,83,96,nan,nan,7
13489,83,68,nan,nan,7
13489,83,59,nan,nan,7
13489,84,15,nan,nan,7
13489,84,52,nan,nan,7
13489,84,75,nan,nan,7
13489,84,29,nan,nan,7
13489,84,15,nan,nan,7
13489,84,0,nan,nan,7
13489,84,64,nan,nan,7
13489,84,60,nan,nan,7
13489,84,52,nan,nan,7
13489,84,69,nan,nan,7
13489,84,7,nan,nan,7
13489,84,15,nan,nan,7
13489,84,12,nan,nan,7
13489,90,92,nan,nan,7
13489,90,11,nan,nan,7
13489,90,11,nan,nan,7
13489,90,4,nan,nan,7
13489,90,39,nan,nan,7
13489,90,54,2,0.1,7
13489,90,71,nan,nan,7
13489,90,34,2,0.1,7
13489,90,69,nan,nan,7
13489,90,12,nan,nan,7
13489,90,5,2,0.1,7
13489,90,22,nan,nan,7
13489,92,39,nan,nan,7
13489,92,94,2,0.1,7
13489,92,83,nan,nan,7
13489,92,53,1,0.25,7
13489,92,90,2,0.1,7
13489,92,11,2,0.1,7
13489,92,72,1,0.25,7
13489,93,45,nan,nan,7
13489,93,73,nan,nan,7
13489,93,2,2,0.1,7
13489,93,29,nan,nan,7
13489,93,1,nan,nan,7
13489,93,54,nan,nan,7
13489,93,39,nan,nan,7
13489,93,81,2,0.1,7
13489,93,2,2,0.1,7
13489,93,10,nan,nan,7
13489,93,86,nan,nan,7
13489,101,93,3,0.25,7
13489,101,85,nan,nan,7
13489,101,36,nan,nan,7
13489,101,44,nan,nan,7
13489,101,8,nan,nan,7
13489,101,8,nan,nan,7
13489,101,20,nan,nan,7
13489,101,79,nan,nan,7
13489,102,48,2,0.1,7
13489,102,59,nan,nan,7
13489,102,19,nan,nan,7
13489,102,75,nan,nan,7
13489,102,37,nan,nan,7
13489,102,94,nan,nan,7
13489,102,95,nan,nan,7
13489,102,35,nan,nan,7
13489,102,8,nan,nan,7
13489,102,61,nan,nan,7
13489,102,48,2,0.1,7
13489,102,40,2,0.1,7
13489,103,28,nan,nan,7
13489,103,12,nan,nan,7
13489,103,84,nan,nan,7
13489,103,15,nan,nan,7
13489,103,20,nan,nan,7
13489,103,4,nan,nan,7
13489,103,17,nan,nan,7
13489,103,61,nan,nan,7
13489,103,41,nan,nan,7
13489,103,44,nan,nan,7
13489,103,12,nan,nan,7
13489,105,40,nan,nan,7
13489,105,2,nan,nan,7
13489,105,42,nan,nan,7
13489,105,65,nan,nan,7
13489,105,79,nan,nan,7
13489,105,77,4,0.31,7
13489,105,91,nan,nan,7
13489,105,12,nan,nan,7
13489,105,21,nan,nan,7
13489,105,54,nan,nan,7
13489,105,8,nan,nan,7
13489,105,58,nan,nan,7
13489,105,7,nan,nan,7
13489,105,24,nan,nan,7
13489,109,78,1,0.25,7
13489,109,68,nan,nan,7
13489,109,23,nan,nan,7
13489,109,6,nan,nan,7
13489,109,65,nan,nan,7
13489,109,11,1,0.25,7
13489,109,79,nan,nan,7
13489,109,95,nan,nan,7
13489,109,59,nan,nan,7
13489,109,42,nan,nan,7
13489,109,82,nan,nan,7
13489,109,59,nan,nan,7
13489,109,34,nan,nan,7
13489,109,35,nan,nan,7
13489,109,42,nan,nan,7
13489,111,35,nan,nan,7
13489,111,96,nan,nan,7
13489,111,44,nan,nan,7
13489,111,93,nan,nan,7
13489,111,5,nan,nan,7
13489,111,93,nan,nan,7
13489,111,65,nan,nan,7
13489,111,55,nan,nan,7
13489,111,70,nan,nan,7
13489,111,46,nan,nan,7
13489,111,97,nan,nan,7
13489,111,62,nan,nan,7
13489,111,86,nan,nan,7
13489,111,65,nan,nan,7
13489,111,36,nan,nan,7
13489,111,35,nan,nan,7
13489,111,78,nan,nan,7
13489,111,85,nan,nan,7
13489,111,41,nan,nan,7
13489,115,80,nan,nan,7
13489,115,24,nan,nan,7
13489,115,41,nan,nan,7
13489,115,41,nan,nan,7
13489,115,23,nan,nan,7
13489,115,87,nan,nan,7
13489,115,98,nan,nan,7
13489,115,79,nan,nan,7
13489,115,66,nan,nan,7
13489,115,97,nan,nan,7
13489,115,32,nan,nan,7
13489,116,33,nan,nan,7
13489,116,29,nan,nan,7
13489,116,98,nan,nan,7
13489,116,34,nan,nan,7
13489,116,18,nan,nan,7
13489,116,83,nan,nan,7
13489,116,51,nan,nan,7
13489,116,14,nan,nan,7
13489,116,71,nan,nan,7
13489,116,25,nan,nan,7
13489,118,18,nan,nan,7
13489,118,74,nan,nan,7
13489,118,33,nan,nan,7
13489,118,4,nan,nan,7
13489,118,17,nan,nan,7
13489,118,56,nan,nan,7
13489,118,87,nan,nan,7
13489,118,9,nan,nan,7
13489,118,4,nan,nan,7
13489,118,34,nan,nan,7
13489,118,72,nan,nan,7
13489,118,66,nan,nan,7
13489,123,72,nan,nan,7
13489,123,75,nan,nan,7
13489,123,47,nan,nan,7
13489,123,90,nan,nan,7
13489,123,49,nan,nan,7
13489,123,71,nan,nan,7
13489,123,47,nan,nan,7
13489,123,33,nan,nan,7
13489,123,69,nan,nan,7
13489,123,20,nan,nan,7
13489,123,34,nan,nan,7
13489,123,16,nan,nan,7
13489,123,93,nan,nan,7
13489,123,87,nan,nan,7
13489,123,12,nan,nan,7
13489,123,70,nan,nan,7
13489,123,18,nan,nan,7
13489,123,33,nan,nan,7
13489,129,15,nan,nan,7
13489,129,37,nan,nan,7
13489,129,43,nan,nan,7
13489,129,93,nan,nan,7
13489,129,68,1,0.25,7
13489,129,65,1,0.25,7
13489,129,71,3,0.25,7
13489,134,66,nan,nan,7
13489,134,94,nan,nan,7
13489,134,31,nan,nan,7
13489,134,98,nan,nan,7
13489,134,16,nan,nan,7
13489,134,68,nan,nan,7
13489,134,69,nan,nan,7
13489,134,99,nan,nan,7
13489,134,52,nan,nan,7
13489,134,66,nan,nan,7
13489,134,71,nan,nan,7
13489,134,80,nan,nan,7
13489,134,99,nan,nan,7
13489,134,71,nan,nan,7
13489,134,14,nan,nan,7
13489,134,75,nan,nan,7
13489,134,19,nan,nan,7
13489,134,10,nan,nan,7
13489,136,19,nan,nan,7
13489,136,15,nan,nan,7
13489,136,99,nan,nan,7
13489,136,16,nan,nan,7
13489,136,56,nan,nan,7
13489,136,15,nan,nan,7
13489,136,29,nan,nan,7
13489,136,96,nan,nan,7
13489,136,52,nan,nan,7
13489,136,7,1,0.25,7
13489,136,52,nan,nan,7
13489,137,52,nan,nan,7
13489,137,86,nan,nan,7
13489,137,94,2,0.1,7
13489,137,60,nan,nan,7
13489,137,51,nan,nan,7
13489,137,95,nan,nan,7
13489,137,58,3,0.25,7
13489,137,45,nan,nan,7
13489,137,94,2,0.1,7
13489,137,56,nan,nan,7
13489,137,54,nan,nan,7
13489,141,16,nan,nan,7
13489,141,80,1,0.25,7
13489,141,59,2,0.1,7
13489,141,59,2,0.1,7
13489,141,42,nan,nan,7
13489,141,1,1,0.25,7
13489,141,92,nan,nan,7
13489,141,90,3,0.25,7
13489,141,80,1,0.25,7
13489,141,11,nan,nan,7
13489,141,11,nan,nan,7
13489,141,57,nan,nan,7
13489,145,78,nan,nan,7
13489,145,39,nan,nan,7
13489,145,47,nan,nan,7
13489,145,49,nan,nan,7
13489,145,77,nan,nan,7
13489,145,74,nan,nan,7
13489,145,79,nan,nan,7
13489,145,66,nan,nan,7
13489,145,43,nan,nan,7
13489,145,43,nan,nan,7
13489,145,67,nan,nan,7
13489,145,71,nan,nan,7
13489,145,42,nan,nan,7
13489,146,69,nan,nan,7
13489,146,69,nan,nan,7
13489,146,44,nan,nan,7
13489,146,3,nan,nan,7
13489,146,66,nan,nan,7
13489,146,52,nan,nan,7
13489,146,99,0,0.5,7
13489,146,95,nan,nan,7
13489,146,12,nan,nan,7
13489,146,94,nan,nan,7
13489,146,95,nan,nan,7
13489,146,48,nan,nan,7
13489,146,96,nan,nan,7
13489,146,84,nan,nan,7
13489,146,78,2,0.1,7
13489,146,15,nan,nan,7
13489,146,8,nan,nan,7
13489,146,80,2,0.1,7
13489,148,94,nan,nan,7
13489,148,77,nan,nan,7
13489,148,3,nan,nan,7
13489,148,33,1,0.25,7
13489,148,33,1,0.25,7
13489,148,90,nan,nan,7
13489,148,80,nan,nan,7
13489,148,95,nan,nan,7
13489,148,66,nan,nan,7
13489,148,38,nan,nan,7
13489,148,46,nan,nan,7
13489,148,96,nan,nan,7
13489,148,94,nan,nan,7
13489,148,90,nan,nan,7
13489,149,39,nan,nan,7
13489,149,31,nan,nan,7
13489,149,6,nan,nan,7
13489,149,57,nan,nan,7
13489,149,59,2,0.1,7
13489,149,96,nan,nan,7
13489,149,95,nan,nan,7
13489,149,31,nan,nan,7
13489,149,22,nan,nan,7
13489,149,35,nan,nan,7
13489,149,31,nan,nan,7
13489,149,37,nan,nan,7
13489,149,50,nan,nan,7
13489,149,24,nan,nan,7
13489,149,68,nan,nan,7
13489,149,34,nan,nan,7
13489,150,59,nan,nan,7
13489,150,50,nan,nan,7
13489,150,1,nan,nan,7
13489,150,39,nan,nan,7
13489,150,97,2,0.1,7
13489,150,89,nan,nan,7
13489,150,95,1,0.25,7
13489,150,47,0,0.5,7
13489,150,70,nan,nan,7
13489,150,62,0,0.5,7
13489,150,24,nan,nan,7
13489,150,31,3,0.25,7
13489,150,31,3,0.25,7
13489,150,69,nan,nan,7
13489,153,42,nan,nan,7
13489,153,8,2,0.1,7
13489,153,31,nan,nan,7
13489,153,16,nan,nan,7
13489,153,94,nan,nan,7
13489,153,12,nan,nan,7
13489,153,12,nan,nan,7
13489,153,55,nan,nan,7
13489,153,8,2,0.1,7
13489,153,54,nan,nan,7
13489,153,37,nan,nan,7
13489,153,97,nan,nan,7
13489,153,74,nan,nan,7
13489,153,38,nan,nan,7
13489,153,17,nan,nan,7
13489,153,70,1,0.25,7
13489,153,12,nan,nan,7
13489,154,54,nan,nan,7
13489,154,71,nan,nan,7
13489,154,61,nan,nan,7
13489,154,61,nan,nan,7
13489,154,23,nan,nan,7
13489,154,41,nan,nan,7
13489,154,1,nan,nan,7
13489,154,55,nan,nan,7
13489,154,8,nan,nan,7
13489,154,60,nan,nan,7
13489,154,60,nan,nan,7
13489,154,4,nan,nan,7
13489,154,88,nan,nan,7
13489,154,81,nan,nan,7
13489,136,1,3,0.25,7
13489,136,43,2,0.1,7
13489,136,82,0,0.5,7
13489,32,5,2,0.1,7
13489,49,6,0,0.5,7
13489,53,6,1,0.25,7
13489,36,12,2,0.1,7
13489,81,12,1,0.25,7
13489,148,15,1,0.25,7
13489,140,19,0,0.5,7
13489,10,26,1,0.25,7
13489,126,28,1,0.25,7
13489,126,63,0,0.5,7
13489,29,29,1,0.25,7
13489,18,33,1,0.25,7
13489,69,38,2,0.1,7
13489,7,66,1,0.25,7
13489,3,74,0,0.5,7
13489,3,81,1,0.25,7
13489,105,74,nan,nan,7
13489,152,97,0,0.5,7
13489,73,98,0,0.5,7
13490,0,91,nan,nan,9
13490,0,16,nan,nan,9
13490,0,96,nan,nan,9
13490,0,92,nan,nan,9
13490,2,6,nan,nan,9
13490,3,10,nan,nan,9
13490,3,22,3,0.25,9
13490,3,68,nan,nan,9
13490,7,57,nan,nan,9
13490,7,88,nan,nan,9
13490,7,55,nan,nan,9
13490,7,88,nan,nan,9
13490,7,49,nan,nan,9
13490,8,18,nan,nan,9
13490,8,54,nan,nan,9
13490,8,12,nan,nan,9
13490,8,4,nan,nan,9
13490,8,21,nan,nan,9
13490,8,20,nan,nan,9
13490,10,62,nan,nan,9
13490,10,57,nan,nan,9
13490,10,48,nan,nan,9
13490,10,30,nan,nan,9
13490,11,71,nan,nan,9
13490,11,40,nan,nan,9
13490,15,4,nan,nan,9
13490,15,16,nan,nan,9
13490,15,90,nan,nan,9
13490,15,7,nan,nan,9
13490,15,47,nan,nan,9
13490,15,84,nan,nan,9
13490,17,6,nan,nan,9
13490,17,45,1,0.25,9
13490,17,89,nan,nan,9
13490,17,95,nan,nan,9
13490,17,47,nan,nan,9
13490,17,89,nan,nan,9
13490,17,11,nan,nan,9
13490,17,28,nan,nan,9
13490,17,58,nan,nan,9
13490,21,50,2,0.1,9
13490,21,68,nan,nan,9
13490,21,90,nan,nan,9
13490,21,79,nan,nan,9
13490,21,99,2,0.1,9
13490,21,58,nan,nan,9
13490,22,81,nan,nan,9
13490,22,26,nan,nan,9
13490,22,99,nan,nan,9
13490,22,3,nan,nan,9
13490,22,88,nan,nan,9
13490,25,68,nan,nan,9
13490,25,66,nan,nan,9
13490,25,70,nan,nan,9
13490,25,44,nan,nan,9
13490,25,66,nan,nan,9
13490,28,68,nan,nan,9
13490,28,66,nan,nan,9
13490,28,66,nan,nan,9
13490,28,18,nan,nan,9
13490,31,15,1,0.25,9
13490,31,60,2,0.1,9
13490,31,29,nan,nan,9
13490,31,5,2,0.1,9
13490,31,20,nan,nan,9
13490,31,49,1,0.25,9
13490,31,29,nan,nan,9
13490,32,54,nan,nan,9
13490,32,53,nan,nan,9
13490,32,39,nan,nan,9
13490,32,60,2,0.1,9
13490,36,34,nan,nan,9
13490,36,68,nan,nan,9
13490,36,68,nan,nan,9
13490,36,44,nan,nan,9
13490,36,85,nan,nan,9
13490,41,11,nan,nan,9
13490,41,86,nan,nan,9
13490,41,20,nan,nan,9
13490,41,99,nan,nan,9
13490,41,80,nan,nan,9
13490,41,67,nan,nan,9
13490,41,39,nan,nan,9
13490,41,99,nan,nan,9
13490,44,39,nan,nan,9
13490,44,63,nan,nan,9
13490,44,65,nan,nan,9
13490,45,70,nan,nan,9
13490,45,96,nan,nan,9
13490,45,28,nan,nan,9
13490,45,80,nan,nan,9
13490,45,49,nan,nan,9
13490,45,96,nan,nan,9
13490,45,94,nan,nan,9
13490,47,14,nan,nan,9
13490,47,79,nan,nan,9
13490,47,68,nan,nan,9
13490,47,31,nan,nan,9
13490,47,45,nan,nan,9
13490,47,30,nan,nan,9
13490,48,51,nan,nan,9
13490,48,68,nan,nan,9
13490,48,31,2,0.1,9
13490,50,6,nan,nan,9
13490,50,55,nan,nan,9
13490,51,85,nan,nan,9
13490,51,3,nan,nan,9
13490,51,31,2,0.1,9
13490,52,14,nan,nan,9
13490,52,87,2,0.1,9
13490,52,71,2,0.1,9
13490,52,6,1,0.25,9
13490,52,51,nan,nan,9
13490,52,27,nan,nan,9
13490,52,8,nan,nan,9
13490,58,19,1,0.25,9
13490,58,80,nan,nan,9
13490,58,12,nan,nan,9
13490,58,83,nan,nan,9
13490,58,76,1,0.25,9
13490,58,59,nan,nan,9
13490,58,1,1,0.25,9
13490,60,65,nan,nan,9
13490,60,63,nan,nan,9
13490,60,75,1,0.25,9
13490,60,82,nan,nan,9
13490,60,11,nan,nan,9
13490,61,20,nan,nan,9
13490,61,18,2,0.1,9
13490,61,21,nan,nan,9
13490,61,28,nan,nan,9
13490,61,67,nan,nan,9
13490,61,44,nan,nan,9
13490,62,9,nan,nan,9
13490,62,6,nan,nan,9
13490,62,21,nan,nan,9
13490,62,36,nan,nan,9
13490,62,37,nan,nan,9
13490,63,33,nan,nan,9
13490,63,32,nan,nan,9
13490,63,56,nan,nan,9
13490,63,14,nan,nan,9
13490,64,41,nan,nan,9
13490,64,98,nan,nan,9
13490,64,14,nan,nan,9
13490,64,27,nan,nan,9
13490,64,35,nan,nan,9
13490,64,43,nan,nan,9
13490,64,14,nan,nan,9
13490,65,50,nan,nan,9
13490,65,75,nan,nan,9
13490,68,85,nan,nan,9
13490,68,54,nan,nan,9
13490,68,28,nan,nan,9
13490,68,72,nan,nan,9
13490,68,56,nan,nan,9
13490,69,89,nan,nan,9
13490,69,42,nan,nan,9
13490,69,90,nan,nan,9
13490,69,47,nan,nan,9
13490,69,90,nan,nan,9
13490,70,81,nan,nan,9
13490,70,50,nan,nan,9
13490,70,90,nan,nan,9
13490,70,12,nan,nan,9
13490,70,16,2,0.1,9
13490,70,21,nan,nan,9
13490,70,44,0,0.5,9
13490,71,47,2,0.1,9
13490,71,99,nan,nan,9
13490,71,96,nan,nan,9
13490,71,50,nan,nan,9
13490,71,45,2,0.1,9
13490,71,56,2,0.1,9
13490,71,16,nan,nan,9
13490,72,26,nan,nan,9
13490,72,87,2,0.1,9
13490,72,44,nan,nan,9
13490,72,90,2,0.1,9
13490,72,98,nan,nan,9
13490,72,91,nan,nan,9
13490,72,3,nan,nan,9
13490,76,93,nan,nan,9
13490,76,68,nan,nan,9
13490,76,42,nan,nan,9
13490,76,66,nan,nan,9
13490,76,37,nan,nan,9
13490,76,44,nan,nan,9
13490,77,72,nan,nan,9
13490,77,13,nan,nan,9
13490,77,49,nan,nan,9
13490,77,32,nan,nan,9
13490,77,45,nan,nan,9
13490,79,99,nan,nan,9
13490,79,37,nan,nan,9
13490,79,37,nan,nan,9
13490,79,56,nan,nan,9
13490,83,28,nan,nan,9
13490,83,20,nan,nan,9
13490,83,11,nan,nan,9
13490,83,82,nan,nan,9
13490,83,34,nan,nan,9
13490,83,91,nan,nan,9
13490,83,88,nan,nan,9
13490,83,68,nan,nan,9
13490,84,99,nan,nan,9
13490,86,74,nan,nan,9
13490,86,36,nan,nan,9
13490,86,56,nan,nan,9
13490,86,57,nan,nan,9
13490,89,85,nan,nan,9
13490,89,42,nan,nan,9
13490,89,77,nan,nan,9
13490,89,66,nan,nan,9
13490,89,14,nan,nan,9
13490,89,62,nan,nan,9
13490,89,96,nan,nan,9
13490,90,13,nan,nan,9
13490,90,83,nan,nan,9
13490,90,30,nan,nan,9
13490,90,35,nan,nan,9
13490,91,96,nan,nan,9
13490,91,8,nan,nan,9
13490,91,56,nan,nan,9
13490,91,48,3,0.33,9
13490,91,44,nan,nan,9
13490,92,38,2,0.1,9
13490,92,96,nan,nan,9
13490,92,29,nan,nan,9
13490,92,66,nan,nan,9
13490,92,37,1,0.25,9
13490,92,59,nan,nan,9
13490,92,9,nan,nan,9
13490,93,39,nan,nan,9
13490,93,90,2,0.1,9
13490,93,67,nan,nan,9
13490,94,11,nan,nan,9
13490,94,1,nan,nan,9
13490,94,38,nan,nan,9
13490,94,79,nan,nan,9
13490,94,81,nan,nan,9
13490,95,1,nan,nan,9
13490,95,12,nan,nan,9
13490,95,36,nan,nan,9
13490,95,91,nan,nan,9
13490,95,31,nan,nan,9
13490,97,54,nan,nan,9
13490,97,24,nan,nan,9
13490,101,84,1,0.25,9
13490,101,60,nan,nan,9
13490,101,44,nan,nan,9
13490,101,80,nan,nan,9
13490,101,66,nan,nan,9
13490,101,71,2,0.1,9
13490,102,15,nan,nan,9
13490,102,12,nan,nan,9
13490,103,8,nan,nan,9
13490,103,12,nan,nan,9
13490,103,34,nan,nan,9
13490,105,2,nan,nan,9
13490,105,84,nan,nan,9
13490,105,66,nan,nan,9
13490,106,99,nan,nan,9
13490,106,84,nan,nan,9
13490,106,12,nan,nan,9
13490,106,80,nan,nan,9
13490,106,11,nan,nan,9
13490,106,0,nan,nan,9
13490,106,65,nan,nan,9
13490,112,82,nan,nan,9
13490,112,21,nan,nan,9
13490,112,26,nan,nan,9
13490,112,50,nan,nan,9
13490,112,75,nan,nan,9
13490,114,79,nan,nan,9
13490,114,54,nan,nan,9
13490,115,53,nan,nan,9
13490,115,14,nan,nan,9
13490,115,98,nan,nan,9
13490,115,68,nan,nan,9
13490,115,50,nan,nan,9
13490,115,32,nan,nan,9
13490,115,14,nan,nan,9
13490,116,65,nan,nan,9
13490,116,18,nan,nan,9
13490,116,51,nan,nan,9
13490,117,18,nan,nan,9
13490,117,4,nan,nan,9
13490,117,92,nan,nan,9
13490,117,87,nan,nan,9
13490,117,78,nan,nan,9
13490,117,27,nan,nan,9
13490,120,88,nan,nan,9
13490,120,61,nan,nan,9
13490,120,47,nan,nan,9
13490,120,78,nan,nan,9
13490,120,22,nan,nan,9
13490,120,12,nan,nan,9
13490,120,16,2,0.1,9
13490,120,87,3,0.25,9
13490,121,89,nan,nan,9
13490,121,91,nan,nan,9
13490,121,81,nan,nan,9
13490,121,3,nan,nan,9
13490,121,66,nan,nan,9
13490,121,70,nan,nan,9
13490,124,58,nan,nan,9
13490,124,84,nan,nan,9
13490,124,64,nan,nan,9
13490,124,3,nan,nan,9
13490,124,16,nan,nan,9
13490,124,54,nan,nan,9
13490,126,3,nan,nan,9
13490,126,68,nan,nan,9
13490,126,12,nan,nan,9
13490,126,66,nan,nan,9
13490,126,80,nan,nan,9
13490,126,30,nan,nan,9
13490,126,54,nan,nan,9
13490,126,71,nan,nan,9
13490,127,94,nan,nan,9
13490,127,65,nan,nan,9
13490,127,99,nan,nan,9
13490,127,68,nan,nan,9
13490,127,1,nan,nan,9
13490,127,99,nan,nan,9
13490,129,95,nan,nan,9
13490,129,71,3,0.25,9
13490,129,56,nan,nan,9
13490,129,99,nan,nan,9
13490,129,37,nan,nan,9
13490,129,37,nan,nan,9
13490,129,37,nan,nan,9
13490,131,68,nan,nan,9
13490,131,91,nan,nan,9
13490,131,69,nan,nan,9
13490,131,43,nan,nan,9
13490,131,17,nan,nan,9
13490,131,46,nan,nan,9
13490,131,94,nan,nan,9
13490,131,20,nan,nan,9
13490,132,68,nan,nan,9
13490,132,15,nan,nan,9
13490,132,59,nan,nan,9
13490,132,18,nan,nan,9
13490,135,36,nan,nan,9
13490,135,97,nan,nan,9
13490,135,46,nan,nan,9
13490,135,71,nan,nan,9
13490,135,90,nan,nan,9
13490,135,37,nan,nan,9
13490,135,55,nan,nan,9
13490,135,51,nan,nan,9
13490,141,81,nan,nan,9
13490,141,13,nan,nan,9
13490,141,26,nan,nan,9
13490,141,85,nan,nan,9
13490,143,42,nan,nan,9
13490,143,15,nan,nan,9
13490,143,69,nan,nan,9
13490,143,44,nan,nan,9
13490,143,61,2,0.1,9
13490,143,15,nan,nan,9
13490,143,8,2,0.1,9
13490,145,71,nan,nan,9
13490,145,8,nan,nan,9
13490,145,40,nan,nan,9
13490,145,90,nan,nan,9
13490,148,68,nan,nan,9
13490,148,38,nan,nan,9
13490,148,58,nan,nan,9
13490,148,32,nan,nan,9
13490,148,66,nan,nan,9
13490,148,61,1,0.25,9
13490,149,31,nan,nan,9
13490,149,19,nan,nan,9
13490,153,2,nan,nan,9
13490,153,15,nan,nan,9
13490,153,92,nan,nan,9
13490,153,47,nan,nan,9
13490,153,8,nan,nan,9
13490,153,95,nan,nan,9
13490,154,83,nan,nan,9
13490,154,57,nan,nan,9
13490,154,44,nan,nan,9
13490,154,6,nan,nan,9
13490,155,8,nan,nan,9
13490,155,18,nan,nan,9
13490,155,81,nan,nan,9
13490,73,1,2,0.1,9
13490,51,20,1,0.25,9
13490,58,32,1,0.25,9
13490,72,34,1,0.25,9
13490,1,40,nan,nan,9
13490,82,47,1,0.25,9
13490,119,47,0,0.5,9
13490,18,53,0,0.5,9
13490,17,57,0,0.5,9
13490,30,64,1,0.25,9
13490,33,64,0,0.5,9
13490,20,65,1,0.25,9
13490,83,65,3,0.5,9
13490,83,65,3,0.5,9
13490,101,67,0,0.5,9
13490,3,74,0,0.5,9
13490,65,80,2,0.1,9
13490,65,82,1,0.25,9
13490,52,81,3,0.33,9
13490,81,84,2,0.1,9
13490,23,89,2,0.1,9
13490,149,89,2,0.1,9
13490,61,95,3,0.5,9
13490,61,95,3,0.5,9
13491,0,34,nan,nan,19
13491,0,40,nan,nan,19
13491,0,38,nan,nan,19
13491,0,85,nan,nan,19
13491,0,6,nan,nan,19
13491,0,8,nan,nan,19
13491,0,78,nan,nan,19
13491,7,18,nan,nan,19
13491,7,20,nan,nan,19
13491,7,18,nan,nan,19
13491,7,64,nan,nan,19
13491,7,42,nan,nan,19
13491,7,80,nan,nan,19
13491,7,59,nan,nan,19
13491,7,91,nan,nan,19
13491,7,99,nan,nan,19
13491,7,44,nan,nan,19
13491,7,55,nan,nan,19
13491,7,71,nan,nan,19
13491,12,98,nan,nan,19
13491,12,12,nan,nan,19
13491,12,27,nan,nan,19
13491,12,71,nan,nan,19
13491,12,5,2,0.1,19
13491,12,20,nan,nan,19
13491,12,16,nan,nan,19
13491,12,41,2,0.1,19
13491,12,80,2,0.1,19
13491,12,6,nan,nan,19
13491,12,4,nan,nan,19
13491,12,6,nan,nan,19
13491,12,41,2,0.1,19
13491,12,38,nan,nan,19
13491,12,14,nan,nan,19
13491,12,41,2,0.1,19
13491,12,42,nan,nan,19
13491,12,27,nan,nan,19
13491,16,93,nan,nan,19
13491,16,83,nan,nan,19
13491,16,80,nan,nan,19
13491,16,38,nan,nan,19
13491,16,87,nan,nan,19
13491,16,56,nan,nan,19
13491,16,99,nan,nan,19
13491,16,48,nan,nan,19
13491,16,87,nan,nan,19
13491,16,47,nan,nan,19
13491,16,52,nan,nan,19
13491,16,54,nan,nan,19
13491,17,89,nan,nan,19
13491,17,16,2,0.1,19
13491,17,89,nan,nan,19
13491,17,75,nan,nan,19
13491,17,13,nan,nan,19
13491,17,61,nan,nan,19
13491,17,16,2,0.1,19
13491,21,29,4,0.47,19
13491,21,40,nan,nan,19
13491,21,81,nan,nan,19
13491,21,63,nan,nan,19
13491,21,16,nan,nan,19
13491,21,9,2,0.1,19
13491,21,90,nan,nan,19
13491,21,76,nan,nan,19
13491,21,12,nan,nan,19
13491,21,90,nan,nan,19
13491,21,81,nan,nan,19
13491,21,3,nan,nan,19
13491,21,16,nan,nan,19
13491,21,14,nan,nan,19
13491,25,55,nan,nan,19
13491,25,74,nan,nan,19
13491,25,68,nan,nan,19
13491,25,37,nan,nan,19
13491,25,93,nan,nan,19
13491,25,45,nan,nan,19
13491,25,43,nan,nan,19
13491,25,68,nan,nan,19
13491,25,71,nan,nan,19
13491,25,34,nan,nan,19
13491,25,66,nan,nan,19
13491,25,43,nan,nan,19
13491,28,75,nan,nan,19
13491,28,31,nan,nan,19
13491,28,75,nan,nan,19
13491,28,32,nan,nan,19
13491,28,37,nan,nan,19
13491,28,44,nan,nan,19
13491,28,71,nan,nan,19
13491,28,71,nan,nan,19
13491,28,75,nan,nan,19
13491,28,29,nan,nan,19
13491,28,94,nan,nan,19
13491,28,80,nan,nan,19
13491,28,22,nan,nan,19
13491,32,19,nan,nan,19
13491,32,44,nan,nan,19
13491,32,54,nan,nan,19
13491,32,83,2,0.1,19
13491,32,80,nan,nan,19
13491,32,20,nan,nan,19
13491,32,15,1,0.25,19
13491,32,7,nan,nan,19
13491,32,60,2,0.1,19
13491,33,52,nan,nan,19
13491,33,57,nan,nan,19
13491,33,61,nan,nan,19
13491,33,52,nan,nan,19
13491,33,0,nan,nan,19
13491,33,5,nan,nan,19
13491,33,52,nan,nan,19
13491,33,55,nan,nan,19
13491,33,56,nan,nan,19
13491,33,18,nan,nan,19
13491,33,20,nan,nan,19
13491,33,7,nan,nan,19
13491,35,94,nan,nan,19
13491,35,21,nan,nan,19
13491,35,80,nan,nan,19
13491,35,21,nan,nan,19
13491,35,92,nan,nan,19
13491,35,71,nan,nan,19
13491,35,28,nan,nan,19
13491,35,80,nan,nan,19
13491,35,92,nan,nan,19
13491,35,54,nan,nan,19
13491,35,66,nan,nan,19
13491,35,57,nan,nan,19
13491,35,92,nan,nan,19
13491,35,32,nan,nan,19
13491,36,42,nan,nan,19
13491,36,20,nan,nan,19
13491,36,62,nan,nan,19
13491,36,62,nan,nan,19
13491,36,66,nan,nan,19
13491,36,66,nan,nan,19
13491,36,92,nan,nan,19
13491,36,83,nan,nan,19
13491,36,20,nan,nan,19
13491,36,4,nan,nan,19
13491,44,12,2,0.1,19
13491,44,4,nan,nan,19
13491,44,22,nan,nan,19
13491,44,94,nan,nan,19
13491,44,90,2,0.1,19
13491,44,71,nan,nan,19
13491,44,31,2,0.1,19
13491,44,62,nan,nan,19
13491,44,75,nan,nan,19
13491,44,94,nan,nan,19
13491,44,96,2,0.1,19
13491,44,56,nan,nan,19
13491,44,27,nan,nan,19
13491,44,95,nan,nan,19
13491,44,38,nan,nan,19
13491,47,34,nan,nan,19
13491,47,98,nan,nan,19
13491,47,47,nan,nan,19
13491,47,31,nan,nan,19
13491,47,25,3,0.25,19
13491,47,39,2,0.1,19
13491,47,32,nan,nan,19
13491,47,24,nan,nan,19
13491,47,86,nan,nan,19
13491,47,69,nan,nan,19
13491,47,30,2,0.1,19
13491,47,35,nan,nan,19
13491,48,80,nan,nan,19
13491,48,31,2,0.1,19
13491,48,37,nan,nan,19
13491,48,40,nan,nan,19
13491,48,90,1,0.25,19
13491,48,25,nan,nan,19
13491,48,89,nan,nan,19
13491,48,62,nan,nan,19
13491,48,51,nan,nan,19
13491,48,6,0,0.5,19
13491,48,79,nan,nan,19
13491,48,60,nan,nan,19
13491,48,99,2,0.1,19
13491,48,66,nan,nan,19
13491,48,31,2,0.1,19
13491,50,8,nan,nan,19
13491,50,45,nan,nan,19
13491,50,54,nan,nan,19
13491,50,1,nan,nan,19
13491,50,78,nan,nan,19
13491,50,84,2,0.1,19
13491,50,31,2,0.1,19
13491,50,17,nan,nan,19
13491,50,93,nan,nan,19
13491,50,15,nan,nan,19
13491,50,64,nan,nan,19
13491,50,84,2,0.1,19
13491,51,2,0,0.5,19
13491,51,2,0,0.5,19
13491,51,98,1,0.25,19
13491,51,58,nan,nan,19
13491,51,99,2,0.1,19
13491,51,49,nan,nan,19
13491,51,67,4,0.5,19
13491,51,6,nan,nan,19
13491,51,67,4,0.5,19
13491,59,5,nan,nan,19
13491,59,29,nan,nan,19
13491,59,10,nan,nan,19
13491,59,44,nan,nan,19
13491,59,2,nan,nan,19
13491,59,17,nan,nan,19
13491,59,39,nan,nan,19
13491,59,65,nan,nan,19
13491,60,18,nan,nan,19
13491,60,99,nan,nan,19
13491,60,42,nan,nan,19
13491,60,65,nan,nan,19
13491,60,86,nan,nan,19
13491,60,54,nan,nan,19
13491,60,74,nan,nan,19
13491,60,11,nan,nan,19
13491,60,18,nan,nan,19
13491,60,18,nan,nan,19
13491,60,71,nan,nan,19
13491,60,92,nan,nan,19
13491,60,1,nan,nan,19
13491,60,81,nan,nan,19
13491,60,63,nan,nan,19
13491,60,37,nan,nan,19
13491,60,62,nan,nan,19
13491,61,26,nan,nan,19
13491,61,14,nan,nan,19
13491,61,14,nan,nan,19
13491,61,50,nan,nan,19
13491,61,16,nan,nan,19
13491,61,28,nan,nan,19
13491,61,17,nan,nan,19
13491,61,82,nan,nan,19
13491,61,35,nan,nan,19
13491,61,44,nan,nan,19
13491,61,65,nan,nan,19
13491,61,65,nan,nan,19
13491,61,15,nan,nan,19
13491,61,60,nan,nan,19
13491,64,11,nan,nan,19
13491,64,9,nan,nan,19
13491,64,9,nan,nan,19
13491,64,81,nan,nan,19
13491,64,34,nan,nan,19
13491,64,98,2,0.1,19
13491,64,51,1,0.25,19
13491,64,93,nan,nan,19
13491,66,61,nan,nan,19
13491,66,9,nan,nan,19
13491,66,18,nan,nan,19
13491,66,81,nan,nan,19
13491,66,20,nan,nan,19
13491,66,60,nan,nan,19
13491,66,44,nan,nan,19
13491,66,90,nan,nan,19
13491,66,18,nan,nan,19
13491,66,87,nan,nan,19
13491,66,63,nan,nan,19
13491,66,17,nan,nan,19
13491,66,61,nan,nan,19
13491,70,48,nan,nan,19
13491,70,19,1,0.25,19
13491,70,7,nan,nan,19
13491,70,16,2,0.1,19
13491,70,80,nan,nan,19
13491,70,44,0,0.5,19
13491,70,46,nan,nan,19
13491,70,97,nan,nan,19
13491,70,89,nan,nan,19
13491,71,62,nan,nan,19
13491,71,22,nan,nan,19
13491,71,53,2,0.1,19
13491,71,90,2,0.1,19
13491,71,44,nan,nan,19
13491,71,47,2,0.1,19
13491,71,4,1,0.25,19
13491,71,44,nan,nan,19
13491,71,16,nan,nan,19
13491,71,20,nan,nan,19
13491,71,97,2,0.1,19
13491,71,43,nan,nan,19
13491,71,90,2,0.1,19
13491,71,80,nan,nan,19
13491,71,59,nan,nan,19
13491,71,48,1,0.25,19
13491,73,3,nan,nan,19
13491,73,81,nan,nan,19
13491,73,22,nan,nan,19
13491,73,22,nan,nan,19
13491,73,22,nan,nan,19
13491,73,95,nan,nan,19
13491,73,8,nan,nan,19
13491,74,25,nan,nan,19
13491,74,68,nan,nan,19
13491,74,88,nan,nan,19
13491,74,10,nan,nan,19
13491,74,68,nan,nan,19
13491,74,66,nan,nan,19
13491,74,54,nan,nan,19
13491,74,3,nan,nan,19
13491,74,99,nan,nan,19
13491,74,16,nan,nan,19
13491,74,3,nan,nan,19
13491,74,3,nan,nan,19
13491,76,68,nan,nan,19
13491,76,32,nan,nan,19
13491,76,99,1,0.25,19
13491,76,60,2,0.1,19
13491,76,43,2,0.1,19
13491,76,71,nan,nan,19
13491,76,99,1,0.25,19
13491,76,46,nan,nan,19
13491,76,51,nan,nan,19
13491,76,31,nan,nan,19
13491,76,68,nan,nan,19
13491,76,71,nan,nan,19
13491,78,43,nan,nan,19
13491,78,43,nan,nan,19
13491,78,37,nan,nan,19
13491,78,58,2,0.1,19
13491,78,75,nan,nan,19
13491,78,66,nan,nan,19
13491,78,54,nan,nan,19
13491,78,41,nan,nan,19
13491,78,72,nan,nan,19
13491,78,92,nan,nan,19
13491,78,38,nan,nan,19
13491,84,97,nan,nan,19
13491,84,54,nan,nan,19
13491,84,5,nan,nan,19
13491,84,19,nan,nan,19
13491,84,28,nan,nan,19
13491,84,15,nan,nan,19
13491,84,87,nan,nan,19
13491,84,75,nan,nan,19
13491,84,52,nan,nan,19
13491,84,54,nan,nan,19
13491,84,7,nan,nan,19
13491,85,57,nan,nan,19
13491,85,52,nan,nan,19
13491,85,50,nan,nan,19
13491,85,48,nan,nan,19
13491,85,38,nan,nan,19
13491,85,68,nan,nan,19
13491,85,12,nan,nan,19
13491,85,60,nan,nan,19
13491,85,19,nan,nan,19
13491,85,99,nan,nan,19
13491,85,22,nan,nan,19
13491,85,75,nan,nan,19
13491,86,57,nan,nan,19
13491,86,49,nan,nan,19
13491,86,64,nan,nan,19
13491,86,49,nan,nan,19
13491,86,41,nan,nan,19
13491,86,34,nan,nan,19
13491,86,42,0,0.5,19
13491,86,51,nan,nan,19
13491,86,50,1,0.25,19
13491,86,82,nan,nan,19
13491,86,57,nan,nan,19
13491,86,7,nan,nan,19
13491,86,10,nan,nan,19
13491,86,57,nan,nan,19
13491,86,80,nan,nan,19
13491,86,49,nan,nan,19
13491,86,28,nan,nan,19
13491,86,79,nan,nan,19
13491,87,57,2,0.1,19
13491,87,80,1,0.25,19
13491,87,6,nan,nan,19
13491,87,80,1,0.25,19
13491,87,36,nan,nan,19
13491,87,56,nan,nan,19
13491,87,7,nan,nan,19
13491,87,13,4,0.08,19
13491,87,36,nan,nan,19
13491,87,92,nan,nan,19
13491,87,3,nan,nan,19
13491,87,94,nan,nan,19
13491,88,36,nan,nan,19
13491,88,61,nan,nan,19
13491,88,89,2,0.1,19
13491,88,35,1,0.25,19
13491,88,14,nan,nan,19
13491,88,43,3,0.25,19
13491,88,85,nan,nan,19
13491,88,85,nan,nan,19
13491,88,75,2,0.1,19
13491,88,83,nan,nan,19
13491,90,58,nan,nan,19
13491,90,44,nan,nan,19
13491,90,69,nan,nan,19
13491,90,1,nan,nan,19
13491,90,42,nan,nan,19
13491,90,85,nan,nan,19
13491,90,48,nan,nan,19
13491,90,96,nan,nan,19
13491,90,9,nan,nan,19
13491,90,25,nan,nan,19
13491,90,94,nan,nan,19
13491,90,12,nan,nan,19
13491,90,47,nan,nan,19
13491,90,83,nan,nan,19
13491,90,92,nan,nan,19
13491,90,37,nan,nan,19
13491,90,11,nan,nan,19
13491,91,39,nan,nan,19
13491,91,31,nan,nan,19
13491,91,95,nan,nan,19
13491,91,11,nan,nan,19
13491,91,45,nan,nan,19
13491,91,71,nan,nan,19
13491,91,80,nan,nan,19
13491,91,42,nan,nan,19
13491,91,42,nan,nan,19
13491,91,96,nan,nan,19
13491,91,73,nan,nan,19
13491,91,1,nan,nan,19
13491,91,96,nan,nan,19
13491,93,39,nan,nan,19
13491,93,36,nan,nan,19
13491,93,10,nan,nan,19
13491,93,20,nan,nan,19
13491,93,79,nan,nan,19
13491,93,63,nan,nan,19
13491,93,86,nan,nan,19
13491,93,45,nan,nan,19
13491,93,43,nan,nan,19
13491,93,97,nan,nan,19
13491,93,67,nan,nan,19
13491,93,42,nan,nan,19
13491,93,85,nan,nan,19
13491,97,90,nan,nan,19
13491,97,65,nan,nan,19
13491,97,42,nan,nan,19
13491,97,37,nan,nan,19
13491,97,57,nan,nan,19
13491,97,73,nan,nan,19
13491,97,34,nan,nan,19
13491,97,15,nan,nan,19
13491,100,94,nan,nan,19
13491,100,25,nan,nan,19
13491,100,97,nan,nan,19
13491,100,25,nan,nan,19
13491,100,21,nan,nan,19
13491,100,42,nan,nan,19
13491,100,31,nan,nan,19
13491,100,92,nan,nan,19
13491,100,25,nan,nan,19
13491,100,68,nan,nan,19
13491,100,86,nan,nan,19
13491,100,8,nan,nan,19
13491,100,39,nan,nan,19
13491,100,8,nan,nan,19
13491,104,85,nan,nan,19
13491,104,50,nan,nan,19
13491,104,49,nan,nan,19
13491,104,90,nan,nan,19
13491,104,36,nan,nan,19
13491,104,48,nan,nan,19
13491,104,20,nan,nan,19
13491,105,24,nan,nan,19
13491,105,95,nan,nan,19
13491,105,95,nan,nan,19
13491,105,65,nan,nan,19
13491,105,82,2,0.1,19
13491,105,63,1,0.25,19
13491,105,76,nan,nan,19
13491,105,27,4,0.39,19
13491,105,4,nan,nan,19
13491,113,42,nan,nan,19
13491,113,93,nan,nan,19
13491,113,94,nan,nan,19
13491,113,18,nan,nan,19
13491,113,15,nan,nan,19
13491,113,41,nan,nan,19
13491,113,1,nan,nan,19
13491,113,78,nan,nan,19
13491,113,21,nan,nan,19
13491,113,37,nan,nan,19
13491,113,66,nan,nan,19
13491,113,82,nan,nan,19
13491,114,82,nan,nan,19
13491,114,9,nan,nan,19
13491,114,14,nan,nan,19
13491,114,16,nan,nan,19
13491,114,51,nan,nan,19
13491,114,98,nan,nan,19
13491,114,54,nan,nan,19
13491,114,32,nan,nan,19
13491,114,32,nan,nan,19
13491,114,17,nan,nan,19
13491,114,26,nan,nan,19
13491,114,26,nan,nan,19
13491,114,63,nan,nan,19
13491,114,93,nan,nan,19
13491,118,14,nan,nan,19
13491,118,26,nan,nan,19
13491,118,97,nan,nan,19
13491,118,87,nan,nan,19
13491,118,56,nan,nan,19
13491,118,44,nan,nan,19
13491,118,18,nan,nan,19
13491,118,29,nan,nan,19
13491,118,74,nan,nan,19
13491,118,87,nan,nan,19
13491,121,90,nan,nan,19
13491,121,60,nan,nan,19
13491,121,85,nan,nan,19
13491,121,36,nan,nan,19
13491,121,7,nan,nan,19
13491,121,45,nan,nan,19
13491,121,47,nan,nan,19
13491,121,22,nan,nan,19
13491,121,71,nan,nan,19
13491,122,16,nan,nan,19
13491,122,16,nan,nan,19
13491,122,40,nan,nan,19
13491,122,27,nan,nan,19
13491,122,26,2,0.1,19
13491,122,44,nan,nan,19
13491,122,87,nan,nan,19
13491,122,5,nan,nan,19
13491,122,16,nan,nan,19
13491,122,90,nan,nan,19
13491,122,54,nan,nan,19
13491,122,50,nan,nan,19
13491,122,47,nan,nan,19
13491,122,77,nan,nan,19
13491,122,90,nan,nan,19
13491,122,16,nan,nan,19
13491,122,66,nan,nan,19
13491,125,54,3,0.25,19
13491,125,58,nan,nan,19
13491,125,56,nan,nan,19
13491,125,47,2,0.1,19
13491,125,15,nan,nan,19
13491,125,16,nan,nan,19
13491,125,60,nan,nan,19
13491,125,16,nan,nan,19
13491,125,75,nan,nan,19
13491,125,42,nan,nan,19
13491,125,77,nan,nan,19
13491,125,37,0,0.5,19
13491,125,23,2,0.1,19
13491,128,89,nan,nan,19
13491,128,95,nan,nan,19
13491,128,77,nan,nan,19
13491,128,42,2,0.1,19
13491,128,37,nan,nan,19
13491,128,26,nan,nan,19
13491,128,97,nan,nan,19
13491,128,94,2,0.1,19
13491,128,45,nan,nan,19
13491,129,71,3,0.25,19
13491,129,31,nan,nan,19
13491,129,71,3,0.25,19
13491,129,50,nan,nan,19
13491,129,19,nan,nan,19
13491,129,71,3,0.25,19
13491,129,50,nan,nan,19
13491,129,10,2,0.1,19
13491,129,23,nan,nan,19
13491,129,71,3,0.25,19
13491,129,71,3,0.25,19
13491,129,71,3,0.25,19
13491,132,72,nan,nan,19
13491,132,65,nan,nan,19
13491,132,66,nan,nan,19
13491,132,68,nan,nan,19
13491,132,62,nan,nan,19
13491,132,60,2,0.1,19
13491,132,75,nan,nan,19
13491,132,14,nan,nan,19
13491,132,46,nan,nan,19
13491,132,43,nan,nan,19
13491,134,52,nan,nan,19
13491,134,71,nan,nan,19
13491,134,19,nan,nan,19
13491,134,94,nan,nan,19
13491,134,22,nan,nan,19
13491,134,37,nan,nan,19
13491,134,68,nan,nan,19
13491,134,75,nan,nan,19
13491,134,35,nan,nan,19
13491,137,7,nan,nan,19
13491,137,78,nan,nan,19
13491,137,66,nan,nan,19
13491,137,36,nan,nan,19
13491,137,41,nan,nan,19
13491,137,23,nan,nan,19
13491,137,18,2,0.1,19
13491,137,60,nan,nan,19
13491,137,54,nan,nan,19
13491,137,92,nan,nan,19
13491,137,96,nan,nan,19
13491,140,57,nan,nan,19
13491,140,80,1,0.25,19
13491,140,66,nan,nan,19
13491,140,74,nan,nan,19
13491,140,57,nan,nan,19
13491,140,80,1,0.25,19
13491,140,57,nan,nan,19
13491,140,7,nan,nan,19
13491,140,85,nan,nan,19
13491,140,50,nan,nan,19
13491,140,56,nan,nan,19
13491,140,40,nan,nan,19
13491,140,56,nan,nan,19
13491,140,1,1,0.25,19
13491,140,80,1,0.25,19
13491,144,8,nan,nan,19
13491,144,42,nan,nan,19
13491,144,60,nan,nan,19
13491,144,2,nan,nan,19
13491,144,11,nan,nan,19
13491,144,51,nan,nan,19
13491,144,62,nan,nan,19
13491,144,39,nan,nan,19
13491,144,26,nan,nan,19
13491,144,65,nan,nan,19
13491,144,68,nan,nan,19
13491,148,58,nan,nan,19
13491,148,18,nan,nan,19
13491,148,36,nan,nan,19
13491,148,94,nan,nan,19
13491,148,31,nan,nan,19
13491,148,72,nan,nan,19
13491,148,94,nan,nan,19
13491,148,39,nan,nan,19
13491,148,91,nan,nan,19
13491,148,94,nan,nan,19
13491,148,75,nan,nan,19
13491,148,28,nan,nan,19
13491,148,96,nan,nan,19
13491,148,8,nan,nan,19
13491,148,8,nan,nan,19
13491,150,50,nan,nan,19
13491,150,90,nan,nan,19
13491,150,24,nan,nan,19
13491,150,69,nan,nan,19
13491,150,25,nan,nan,19
13491,150,32,nan,nan,19
13491,150,86,nan,nan,19
13491,150,8,nan,nan,19
13491,150,81,nan,nan,19
13491,150,69,nan,nan,19
13491,150,96,nan,nan,19
13491,151,23,nan,nan,19
13491,151,32,nan,nan,19
13491,151,24,nan,nan,19
13491,151,26,nan,nan,19
13491,151,57,nan,nan,19
13491,151,91,nan,nan,19
13491,151,68,nan,nan,19
13491,151,48,nan,nan,19
13491,151,1,nan,nan,19
13491,151,46,nan,nan,19
13491,151,26,nan,nan,19
13491,155,97,nan,nan,19
13491,155,49,nan,nan,19
13491,155,50,nan,nan,19
13491,155,79,nan,nan,19
13491,155,94,nan,nan,19
13491,155,13,nan,nan,19
13491,155,42,nan,nan,19
13491,155,8,nan,nan,19
13491,155,8,nan,nan,19
13491,155,18,nan,nan,19
13491,155,21,nan,nan,19
13491,46,12,1,0.25,19
13491,46,39,2,0.1,19
13491,88,37,0,0.5,19
13491,68,55,4,0.41,19
13491,68,60,nan,nan,19
13491,129,58,1,0.25,19
13491,39,63,0,0.5,19
13491,39,63,0,0.5,19
13491,63,66,0,0.5,19
13491,50,67,4,0.5,19
13491,50,67,4,0.5,19
13491,143,68,3,0.25,19
13491,103,74,nan,nan,19
13491,15,75,0,0.5,19
13491,146,81,2,0.1,19
13491,149,85,2,0.1,19
13491,31,94,3,0.33,19
13491,4,95,0,0.5,19
13491,122,96,0,0.5,19
13492,9,63,nan,nan,7
13492,9,83,nan,nan,7
13492,9,45,nan,nan,7
13492,9,21,nan,nan,7
13492,9,26,nan,nan,7
13492,9,82,nan,nan,7
13492,9,43,nan,nan,7
13492,9,10,nan,nan,7
13492,15,38,nan,nan,7
13492,15,98,nan,nan,7
13492,15,61,nan,nan,7
13492,15,5,nan,nan,7
13492,15,32,nan,nan,7
13492,15,25,nan,nan,7
13492,15,61,nan,nan,7
13492,15,30,nan,nan,7
13492,15,66,nan,nan,7
13492,15,77,nan,nan,7
13492,15,79,nan,nan,7
13492,15,46,nan,nan,7
13492,15,60,nan,nan,7
13492,15,96,nan,nan,7
13492,15,89,nan,nan,7
13492,15,87,nan,nan,7
13492,15,41,nan,nan,7
13492,15,78,nan,nan,7
13492,15,98,nan,nan,7
13492,15,6,nan,nan,7
13492,15,68,nan,nan,7
13492,15,13,nan,nan,7
13492,48,65,nan,nan,7
13492,48,42,nan,nan,7
13492,48,39,nan,nan,7
13492,48,59,2,0.1,7
13492,48,19,nan,nan,7
13492,48,25,nan,nan,7
13492,48,39,nan,nan,7
13492,48,8,nan,nan,7
13492,48,60,nan,nan,7
13492,48,31,2,0.1,7
13492,48,31,2,0.1,7
13492,48,13,nan,nan,7
13492,48,25,nan,nan,7
13492,48,71,nan,nan,7
13492,48,8,nan,nan,7
13492,48,26,nan,nan,7
13492,48,24,2,0.1,7
13492,56,64,nan,nan,7
13492,56,2,nan,nan,7
13492,56,90,nan,nan,7
13492,56,68,nan,nan,7
13492,56,2,nan,nan,7
13492,56,42,nan,nan,7
13492,56,95,nan,nan,7
13492,56,88,nan,nan,7
13492,56,91,nan,nan,7
13492,56,89,nan,nan,7
13492,56,1,nan,nan,7
13492,56,44,nan,nan,7
13492,56,76,nan,nan,7
13492,56,59,nan,nan,7
13492,56,39,nan,nan,7
13492,56,16,nan,nan,7
13492,56,59,nan,nan,7
13492,56,7,nan,nan,7
13492,56,80,nan,nan,7
13492,71,9,nan,nan,7
13492,71,36,nan,nan,7
13492,71,61,nan,nan,7
13492,71,16,nan,nan,7
13492,71,98,nan,nan,7
13492,71,42,nan,nan,7
13492,71,82,nan,nan,7
13492,71,62,nan,nan,7
13492,71,16,nan,nan,7
13492,71,41,nan,nan,7
13492,71,99,nan,nan,7
13492,82,71,nan,nan,7
13492,82,66,nan,nan,7
13492,82,91,nan,nan,7
13492,82,37,nan,nan,7
13492,82,11,nan,nan,7
13492,82,71,nan,nan,7
13492,82,36,nan,nan,7
13492,83,71,nan,nan,7
13492,83,60,nan,nan,7
13492,83,97,nan,nan,7
13492,83,81,nan,nan,7
13492,83,75,nan,nan,7
13492,83,12,nan,nan,7
13492,83,7,nan,nan,7
13492,83,15,nan,nan,7
13492,86,80,nan,nan,7
13492,86,71,nan,nan,7
13492,86,83,nan,nan,7
13492,86,99,nan,nan,7
13492,86,50,nan,nan,7
13492,86,3,nan,nan,7
13492,86,71,nan,nan,7
13492,86,92,nan,nan,7
13492,86,99,nan,nan,7
13492,86,36,nan,nan,7
13492,86,33,nan,nan,7
13492,86,1,nan,nan,7
13492,89,96,nan,nan,7
13492,89,85,nan,nan,7
13492,89,98,nan,nan,7
13492,89,42,nan,nan,7
13492,89,63,nan,nan,7
13492,89,69,nan,nan,7
13492,89,42,nan,nan,7
13492,89,90,nan,nan,7
13492,101,91,nan,nan,7
13492,101,50,nan,nan,7
13492,101,34,nan,nan,7
13492,101,55,2,0.1,7
13492,101,45,nan,nan,7
13492,101,31,nan,nan,7
13492,101,47,nan,nan,7
13492,101,11,nan,nan,7
13492,101,80,nan,nan,7
13492,101,1,nan,nan,7
13492,101,9,3,0.25,7
13492,101,31,nan,nan,7
13492,101,45,nan,nan,7
13492,101,81,nan,nan,7
13492,101,80,nan,nan,7
13492,103,80,0,0.5,7
13492,103,38,nan,nan,7
13492,103,65,2,0.1,7
13492,103,75,nan,nan,7
13492,103,17,nan,nan,7
13492,103,41,nan,nan,7
13492,103,11,nan,nan,7
13492,103,96,nan,nan,7
13492,103,48,2,0.1,7
13492,103,7,nan,nan,7
13492,103,31,nan,nan,7
13492,103,96,nan,nan,7
13492,103,12,nan,nan,7
13492,103,44,nan,nan,7
13492,103,2,nan,nan,7
13492,103,67,nan,nan,7
13492,108,75,nan,nan,7
13492,108,90,nan,nan,7
13492,108,53,nan,nan,7
13492,108,90,nan,nan,7
13492,108,23,nan,nan,7
13492,108,10,nan,nan,7
13492,108,53,nan,nan,7
13492,108,65,nan,nan,7
13492,108,65,nan,nan,7
13492,108,59,nan,nan,7
13492,108,5,nan,nan,7
13492,108,53,nan,nan,7
13492,108,57,nan,nan,7
13492,108,65,nan,nan,7
13492,108,36,3,0.25,7
13492,108,2,0,0.5,7
13492,108,42,nan,nan,7
13492,108,0,nan,nan,7
13492,108,55,nan,nan,7
13492,108,44,2,0.1,7
13492,108,2,0,0.5,7
13492,112,27,nan,nan,7
13492,112,56,nan,nan,7
13492,112,0,nan,nan,7
13492,112,65,nan,nan,7
13492,112,40,nan,nan,7
13492,112,21,nan,nan,7
13492,112,72,nan,nan,7
13492,112,89,nan,nan,7
13492,112,82,nan,nan,7
13492,112,24,2,0.1,7
13492,112,61,nan,nan,7
13492,112,87,3,0.33,7
13492,112,99,nan,nan,7
13492,112,95,nan,nan,7
13492,112,19,nan,nan,7
13492,112,34,2,0.1,7
13492,112,26,nan,nan,7
13492,130,80,nan,nan,7
13492,130,67,nan,nan,7
13492,130,99,nan,nan,7
13492,130,37,nan,nan,7
13492,130,80,nan,nan,7
13492,130,54,3,0.25,7
13492,130,54,3,0.25,7
13492,130,62,2,0.1,7
13492,130,67,nan,nan,7
13492,130,9,nan,nan,7
13492,130,16,nan,nan,7
13492,130,37,nan,nan,7
13492,130,92,nan,nan,7
13492,153,68,nan,nan,7
13492,153,31,nan,nan,7
13492,153,90,nan,nan,7
13492,153,95,1,0.25,7
13492,153,99,0,0.5,7
13492,153,9,nan,nan,7
13492,153,18,nan,nan,7
13492,153,92,nan,nan,7
13492,153,75,nan,nan,7
13492,153,70,1,0.25,7
13492,153,25,nan,nan,7
13492,141,19,0,0.5,7
13492,126,22,2,0.1,7
13492,67,26,0,0.5,7
13492,102,34,nan,nan,7
13492,102,54,1,0.25,7
13492,105,39,0,0.5,7
13492,96,45,0,0.5,7
13492,2,47,2,0.1,7
13492,110,57,1,0.25,7
13492,11,61,1,0.25,7
13492,11,85,0,0.5,7
13492,73,61,1,0.25,7
13492,149,61,1,0.25,7
13492,149,69,3,0.33,7
13492,130,62,2,0.1,7
13492,130,68,1,0.25,7
13492,80,65,2,0.1,7
13492,125,71,1,0.25,7
13492,146,71,1,0.25,7
13492,51,80,2,0.1,7
13492,112,87,3,0.33,7
13492,36,88,1,0.25,7
13492,104,88,nan,nan,7
13492,106,90,1,0.25,7
13492,107,90,1,0.25,7
13492,20,99,2,0.1,7
13492,121,99,0,0.5,7
13492,138,99,2,0.1,7
13492,147,99,0,0.5,7
13493,8,94,nan,nan,1
13493,8,26,nan,nan,1
13493,11,51,nan,nan,1
13493,11,11,0,0.5,1
13493,14,90,2,0.1,1
13493,14,18,1,0.25,1
13493,22,99,nan,nan,1
13493,22,80,nan,nan,1
13493,22,22,nan,nan,1
13493,22,94,nan,nan,1
13493,34,93,nan,nan,1
13493,34,19,nan,nan,1
13493,34,92,nan,nan,1
13493,34,7,nan,nan,1
13493,62,94,nan,nan,1
13493,62,62,nan,nan,1
13493,62,20,nan,nan,1
13493,62,16,nan,nan,1
13493,62,14,nan,nan,1
13493,62,9,nan,nan,1
13493,62,5,nan,nan,1
13493,73,10,nan,nan,1
13493,73,50,nan,nan,1
13493,73,3,nan,nan,1
13493,73,96,nan,nan,1
13493,73,55,nan,nan,1
13493,73,66,nan,nan,1
13493,73,3,nan,nan,1
13493,75,1,nan,nan,1
13493,75,12,nan,nan,1
13493,75,37,nan,nan,1
13493,75,99,nan,nan,1
13493,75,14,nan,nan,1
13493,75,0,nan,nan,1
13493,86,3,nan,nan,1
13493,86,81,nan,nan,1
13493,86,32,nan,nan,1
13493,86,85,2,0.1,1
13493,86,3,nan,nan,1
13493,89,14,nan,nan,1
13493,89,42,nan,nan,1
13493,89,30,nan,nan,1
13493,89,15,nan,nan,1
13493,89,1,nan,nan,1
13493,89,83,nan,nan,1
13493,89,83,nan,nan,1
13493,89,12,nan,nan,1
13493,107,59,nan,nan,1
13493,107,58,nan,nan,1
13493,107,65,nan,nan,1
13493,107,55,nan,nan,1
13493,107,44,nan,nan,1
13493,125,66,nan,nan,1
13493,125,20,nan,nan,1
13493,125,56,nan,nan,1
13493,125,42,nan,nan,1
13493,143,44,nan,nan,1
13493,143,22,nan,nan,1
13493,143,42,nan,nan,1
13493,143,65,nan,nan,1
13493,11,11,0,0.5,1
13493,141,12,2,0.1,1
13493,9,15,1,0.25,1
13493,109,15,2,0.1,1
13493,109,57,1,0.25,1
13493,73,17,2,0.1,1
13493,73,80,2,0.1,1
13493,47,25,3,0.25,1
13493,47,36,1,0.25,1
13493,92,26,3,0.5,1
13493,92,26,3,0.5,1
13493,151,31,3,0.25,1
13493,151,95,1,0.25,1
13493,50,34,nan,nan,1
13493,50,84,2,0.1,1
13493,50,91,0,0.5,1
13493,103,34,nan,nan,1
13493,87,37,0,0.5,1
13493,10,38,1,0.25,1
13493,140,38,1,0.25,1
13493,35,39,0,0.5,1
13493,15,40,0,0.5,1
13493,81,45,1,0.25,1
13493,150,47,0,0.5,1
13493,132,53,0,0.5,1
13493,46,57,0,0.5,1
13493,18,59,1,0.25,1
13493,31,63,3,0.33,1
13493,86,68,0,0.5,1
13493,49,77,nan,nan,1
13493,96,90,1,0.25,1
13493,96,90,1,0.25,1
13493,128,94,2,0.1,1
13493,12,96,1,0.25,1
13493,142,97,0,0.5,1
13493,148,97,0,0.5,1
13494,0,18,nan,nan,20
13494,0,66,nan,nan,20
13494,0,64,nan,nan,20
13494,0,54,nan,nan,20
13494,0,96,nan,nan,20
13494,1,64,nan,nan,20
13494,1,55,nan,nan,20
13494,1,34,1,0.25,20
13494,1,65,nan,nan,20
13494,1,99,1,0.25,20
13494,4,53,nan,nan,20
13494,4,65,nan,nan,20
13494,4,68,nan,nan,20
13494,4,76,nan,nan,20
13494,4,71,nan,nan,20
13494,6,12,nan,nan,20
13494,6,55,nan,nan,20
13494,6,90,nan,nan,20
13494,6,56,nan,nan,20
13494,6,88,nan,nan,20
13494,7,49,nan,nan,20
13494,7,65,nan,nan,20
13494,7,66,1,0.25,20
13494,7,29,4,0.47,20
13494,7,86,nan,nan,20
13494,7,83,nan,nan,20
13494,7,5,nan,nan,20
13494,7,24,nan,nan,20
13494,7,51,nan,nan,20
13494,7,14,nan,nan,20
13494,8,81,nan,nan,20
13494,8,65,nan,nan,20
13494,8,14,nan,nan,20
13494,8,65,nan,nan,20
13494,8,26,2,0.1,20
13494,8,21,1,0.25,20
13494,9,37,nan,nan,20
13494,9,10,nan,nan,20
13494,9,99,nan,nan,20
13494,9,97,2,0.1,20
13494,9,63,nan,nan,20
13494,10,18,2,0.1,20
13494,10,59,nan,nan,20
13494,10,8,nan,nan,20
13494,10,65,nan,nan,20
13494,10,78,nan,nan,20
13494,12,99,nan,nan,20
13494,12,27,nan,nan,20
13494,12,43,2,0.1,20
13494,15,87,nan,nan,20
13494,15,82,nan,nan,20
13494,15,47,nan,nan,20
13494,15,4,nan,nan,20
13494,15,87,nan,nan,20
13494,15,75,nan,nan,20
13494,17,6,nan,nan,20
13494,17,25,nan,nan,20
13494,17,42,nan,nan,20
13494,17,47,nan,nan,20
13494,20,67,4,0.5,20
13494,20,58,nan,nan,20
13494,20,82,1,0.25,20
13494,20,90,nan,nan,20
13494,20,61,nan,nan,20
13494,20,67,4,0.5,20
13494,21,68,nan,nan,20
13494,21,66,nan,nan,20
13494,22,86,nan,nan,20
13494,22,78,nan,nan,20
13494,22,68,nan,nan,20
13494,22,54,nan,nan,20
13494,22,99,nan,nan,20
13494,22,49,nan,nan,20
13494,24,68,nan,nan,20
13494,24,68,nan,nan,20
13494,24,30,nan,nan,20
13494,24,37,nan,nan,20
13494,24,37,nan,nan,20
13494,24,37,nan,nan,20
13494,24,10,nan,nan,20
13494,28,43,nan,nan,20
13494,28,12,nan,nan,20
13494,28,29,nan,nan,20
13494,28,93,nan,nan,20
13494,28,43,nan,nan,20
13494,28,61,nan,nan,20
13494,28,33,nan,nan,20
13494,28,37,nan,nan,20
13494,29,17,2,0.1,20
13494,29,98,nan,nan,20
13494,29,59,nan,nan,20
13494,29,38,1,0.25,20
13494,29,5,nan,nan,20
13494,29,32,nan,nan,20
13494,29,43,nan,nan,20
13494,29,74,nan,nan,20
13494,35,94,2,0.1,20
13494,35,57,nan,nan,20
13494,35,25,2,0.1,20
13494,35,77,nan,nan,20
13494,38,96,nan,nan,20
13494,38,4,nan,nan,20
13494,38,11,nan,nan,20
13494,38,57,nan,nan,20
13494,40,19,nan,nan,20
13494,40,39,nan,nan,20
13494,40,11,nan,nan,20
13494,40,89,nan,nan,20
13494,40,39,nan,nan,20
13494,40,58,nan,nan,20
13494,40,21,nan,nan,20
13494,40,37,nan,nan,20
13494,44,81,nan,nan,20
13494,44,53,2,0.1,20
13494,44,95,nan,nan,20
13494,45,40,nan,nan,20
13494,45,94,nan,nan,20
13494,47,68,nan,nan,20
13494,47,95,nan,nan,20
13494,47,31,nan,nan,20
13494,47,0,nan,nan,20
13494,48,56,nan,nan,20
13494,48,2,nan,nan,20
13494,48,25,nan,nan,20
13494,48,91,2,0.1,20
13494,48,0,nan,nan,20
13494,49,42,nan,nan,20
13494,49,95,2,0.1,20
13494,50,95,nan,nan,20
13494,50,13,nan,nan,20
13494,50,93,nan,nan,20
13494,50,5,nan,nan,20
13494,51,23,nan,nan,20
13494,51,30,nan,nan,20
13494,51,8,nan,nan,20
13494,52,74,3,0.25,20
13494,52,66,nan,nan,20
13494,52,66,nan,nan,20
13494,52,70,nan,nan,20
13494,52,95,nan,nan,20
13494,52,81,3,0.33,20
13494,52,0,nan,nan,20
13494,52,8,nan,nan,20
13494,53,32,nan,nan,20
13494,53,47,nan,nan,20
13494,53,35,nan,nan,20
13494,53,8,nan,nan,20
13494,53,41,2,0.1,20
13494,53,4,nan,nan,20
13494,54,46,nan,nan,20
13494,55,93,nan,nan,20
13494,55,3,nan,nan,20
13494,55,27,nan,nan,20
13494,55,84,nan,nan,20
13494,55,61,nan,nan,20
13494,55,65,nan,nan,20
13494,55,53,nan,nan,20
13494,55,98,nan,nan,20
13494,55,45,nan,nan,20
13494,56,65,nan,nan,20
13494,56,46,nan,nan,20
13494,58,18,nan,nan,20
13494,58,18,nan,nan,20
13494,58,42,nan,nan,20
13494,58,42,nan,nan,20
13494,58,3,nan,nan,20
13494,58,59,nan,nan,20
13494,59,61,nan,nan,20
13494,59,37,nan,nan,20
13494,59,95,nan,nan,20
13494,59,47,nan,nan,20
13494,59,32,nan,nan,20
13494,59,70,nan,nan,20
13494,60,43,nan,nan,20
13494,60,64,2,0.1,20
13494,60,21,nan,nan,20
13494,60,63,nan,nan,20
13494,60,63,nan,nan,20
13494,60,63,nan,nan,20
13494,60,98,3,0.25,20
13494,60,82,nan,nan,20
13494,62,18,nan,nan,20
13494,62,43,nan,nan,20
13494,62,73,nan,nan,20
13494,62,98,nan,nan,20
13494,62,6,nan,nan,20
13494,62,49,nan,nan,20
13494,64,27,nan,nan,20
13494,64,65,3,0.25,20
13494,64,14,nan,nan,20
13494,64,38,nan,nan,20
13494,64,72,nan,nan,20
13494,64,24,nan,nan,20
13494,64,34,nan,nan,20
13494,65,58,nan,nan,20
13494,65,71,nan,nan,20
13494,65,30,nan,nan,20
13494,65,10,nan,nan,20
13494,69,47,nan,nan,20
13494,70,89,nan,nan,20
13494,70,96,nan,nan,20
13494,70,12,nan,nan,20
13494,71,47,2,0.1,20
13494,71,44,nan,nan,20
13494,71,76,nan,nan,20
13494,71,90,2,0.1,20
13494,71,42,2,0.1,20
13494,72,90,2,0.1,20
13494,72,8,nan,nan,20
13494,72,95,nan,nan,20
13494,72,47,2,0.1,20
13494,72,4,1,0.25,20
13494,72,44,nan,nan,20
13494,75,68,nan,nan,20
13494,75,49,nan,nan,20
13494,75,66,nan,nan,20
13494,78,81,nan,nan,20
13494,85,15,nan,nan,20
13494,85,73,nan,nan,20
13494,85,15,nan,nan,20
13494,85,20,nan,nan,20
13494,86,56,nan,nan,20
13494,86,36,nan,nan,20
13494,86,80,nan,nan,20
13494,86,43,0,0.5,20
13494,86,57,nan,nan,20
13494,86,34,nan,nan,20
13494,86,11,nan,nan,20
13494,86,50,1,0.25,20
13494,88,81,2,0.1,20
13494,88,62,nan,nan,20
13494,88,85,nan,nan,20
13494,89,93,nan,nan,20
13494,89,56,nan,nan,20
13494,89,85,nan,nan,20
13494,89,10,nan,nan,20
13494,89,77,nan,nan,20
13494,89,22,nan,nan,20
13494,89,28,nan,nan,20
13494,90,96,nan,nan,20
13494,90,96,nan,nan,20
13494,90,42,2,0.1,20
13494,91,52,nan,nan,20
13494,91,88,2,0.1,20
13494,91,76,nan,nan,20
13494,93,96,nan,nan,20
13494,93,37,1,0.25,20
13494,93,83,nan,nan,20
13494,94,16,nan,nan,20
13494,94,54,nan,nan,20
13494,94,11,nan,nan,20
13494,94,43,nan,nan,20
13494,94,49,nan,nan,20
13494,94,36,nan,nan,20
13494,94,38,nan,nan,20
13494,95,11,nan,nan,20
13494,95,11,nan,nan,20
13494,95,71,nan,nan,20
13494,95,38,nan,nan,20
13494,95,38,nan,nan,20
13494,95,67,nan,nan,20
13494,95,42,nan,nan,20
13494,96,37,nan,nan,20
13494,96,83,nan,nan,20
13494,96,86,nan,nan,20
13494,96,12,nan,nan,20
13494,96,27,nan,nan,20
13494,97,96,nan,nan,20
13494,97,92,nan,nan,20
13494,97,31,nan,nan,20
13494,97,90,nan,nan,20
13494,97,68,nan,nan,20
13494,97,38,nan,nan,20
13494,98,12,nan,nan,20
13494,98,24,nan,nan,20
13494,98,8,nan,nan,20
13494,98,25,nan,nan,20
13494,98,44,nan,nan,20
13494,99,5,nan,nan,20
13494,99,69,nan,nan,20
13494,99,85,nan,nan,20
13494,99,99,nan,nan,20
13494,100,46,nan,nan,20
13494,100,13,nan,nan,20
13494,100,31,nan,nan,20
13494,100,65,nan,nan,20
13494,100,39,nan,nan,20
13494,100,68,nan,nan,20
13494,100,16,nan,nan,20
13494,101,50,nan,nan,20
13494,101,71,2,0.1,20
13494,101,59,nan,nan,20
13494,101,80,nan,nan,20
13494,101,5,2,0.1,20
13494,102,87,2,0.1,20
13494,102,44,nan,nan,20
13494,102,90,2,0.1,20
13494,102,37,nan,nan,20
13494,102,14,nan,nan,20
13494,102,54,1,0.25,20
13494,102,85,nan,nan,20
13494,104,49,nan,nan,20
13494,104,66,nan,nan,20
13494,104,21,nan,nan,20
13494,104,66,nan,nan,20
13494,105,40,nan,nan,20
13494,105,34,nan,nan,20
13494,105,0,nan,nan,20
13494,105,84,nan,nan,20
13494,105,97,nan,nan,20
13494,105,65,nan,nan,20
13494,105,23,nan,nan,20
13494,105,84,nan,nan,20
13494,105,26,nan,nan,20
13494,106,84,nan,nan,20
13494,106,84,nan,nan,20
13494,106,0,nan,nan,20
13494,106,41,1,0.25,20
13494,107,34,nan,nan,20
13494,107,95,nan,nan,20
13494,107,5,nan,nan,20
13494,109,23,nan,nan,20
13494,109,25,nan,nan,20
13494,109,61,nan,nan,20
13494,109,2,nan,nan,20
13494,109,65,nan,nan,20
13494,111,86,nan,nan,20
13494,111,14,nan,nan,20
13494,111,30,nan,nan,20
13494,111,23,nan,nan,20
13494,111,12,nan,nan,20
13494,113,42,nan,nan,20
13494,113,59,nan,nan,20
13494,113,82,nan,nan,20
13494,113,82,nan,nan,20
13494,114,84,nan,nan,20
13494,114,41,nan,nan,20
13494,114,49,nan,nan,20
13494,114,95,nan,nan,20
13494,114,33,nan,nan,20
13494,114,41,nan,nan,20
13494,114,9,nan,nan,20
13494,114,57,nan,nan,20
13494,122,47,nan,nan,20
13494,122,63,nan,nan,20
13494,122,47,nan,nan,20
13494,126,82,nan,nan,20
13494,126,34,nan,nan,20
13494,126,99,nan,nan,20
13494,126,3,nan,nan,20
13494,126,71,nan,nan,20
13494,126,10,nan,nan,20
13494,130,99,nan,nan,20
13494,130,93,nan,nan,20
13494,130,66,1,0.25,20
13494,130,43,nan,nan,20
13494,130,71,3,0.25,20
13494,133,22,0,0.5,20
13494,133,66,nan,nan,20
13494,136,11,1,0.25,20
13494,136,56,nan,nan,20
13494,136,19,nan,nan,20
13494,136,29,nan,nan,20
13494,136,56,nan,nan,20
13494,142,57,nan,nan,20
13494,142,89,nan,nan,20
13494,142,51,nan,nan,20
13494,142,44,nan,nan,20
13494,142,88,nan,nan,20
13494,142,68,nan,nan,20
13494,144,54,nan,nan,20
13494,144,69,nan,nan,20
13494,144,57,nan,nan,20
13494,145,8,nan,nan,20
13494,145,11,nan,nan,20
13494,145,11,nan,nan,20
13494,145,8,nan,nan,20
13494,147,12,nan,nan,20
13494,147,90,nan,nan,20
13494,147,96,nan,nan,20
13494,147,64,nan,nan,20
13494,147,12,nan,nan,20
13494,147,13,nan,nan,20
13494,147,90,nan,nan,20
13494,148,38,nan,nan,20
13494,148,95,nan,nan,20
13494,148,80,nan,nan,20
13494,148,37,nan,nan,20
13494,148,31,nan,nan,20
13494,148,87,3,0.5,20
13494,148,87,3,0.5,20
13494,148,87,3,0.5,20
13494,148,87,3,0.5,20
13494,148,87,3,0.5,20
13494,148,87,3,0.5,20
13494,151,25,nan,nan,20
13494,151,17,nan,nan,20
13494,151,33,nan,nan,20
13494,151,47,nan,nan,20
13494,151,32,nan,nan,20
13494,152,98,nan,nan,20
13494,152,44,nan,nan,20
13494,152,72,nan,nan,20
13494,153,31,nan,nan,20
13494,153,8,2,0.1,20
13494,153,31,nan,nan,20
13494,153,94,nan,nan,20
13494,153,34,0,0.5,20
13494,153,12,nan,nan,20
13494,154,68,nan,nan,20
13494,154,62,nan,nan,20
13494,154,31,nan,nan,20
13494,154,12,nan,nan,20
13494,154,42,nan,nan,20
13494,106,4,0,0.5,20
13494,106,74,3,0.25,20
13494,106,90,1,0.25,20
13494,136,12,1,0.25,20
13494,136,85,0,0.5,20
13494,8,15,0,0.5,20
13494,8,31,3,0.25,20
13494,121,29,4,0.47,20
13494,121,14,nan,nan,20
13494,77,34,0,0.5,20
13494,88,35,1,0.25,20
13494,88,53,1,0.25,20
13494,64,37,2,0.1,20
13494,35,39,0,0.5,20
13494,36,42,0,0.5,20
13494,86,42,0,0.5,20
13494,119,42,3,0.5,20
13494,119,42,3,0.5,20
13494,70,44,0,0.5,20
13494,60,46,1,0.25,20
13494,129,52,1,0.25,20
13494,10,53,0,0.5,20
13494,10,61,1,0.25,20
13494,132,53,0,0.5,20
13494,75,54,2,0.1,20
13494,11,56,1,0.25,20
13494,9,65,0,0.5,20
13494,130,65,1,0.25,20
13494,4,72,0,0.5,20
13494,99,74,nan,nan,20
13494,20,75,0,0.5,20
13494,46,77,4,0.31,20
13494,46,24,nan,nan,20
13494,141,80,1,0.25,20
13494,103,87,2,0.1,20
13494,133,89,1,0.25,20
13494,12,92,1,0.25,20
13494,21,97,3,0.33,20
13494,149,97,0,0.5,20
13495,3,61,nan,nan,0
13495,3,10,nan,nan,0
13495,3,56,nan,nan,0
13495,8,63,nan,nan,0
13495,13,67,nan,nan,0
13495,13,44,nan,nan,0
13495,13,69,nan,nan,0
13495,13,76,nan,nan,0
13495,16,79,nan,nan,0
13495,16,89,nan,nan,0
13495,16,87,nan,nan,0
13495,16,87,nan,nan,0
13495,16,38,nan,nan,0
13495,16,71,nan,nan,0
13495,16,9,nan,nan,0
13495,20,75,nan,nan,0
13495,20,42,nan,nan,0
13495,20,57,nan,nan,0
13495,20,81,nan,nan,0
13495,20,47,nan,nan,0
13495,21,3,nan,nan,0
13495,21,54,nan,nan,0
13495,21,99,nan,nan,0
13495,21,99,nan,nan,0
13495,21,3,nan,nan,0
13495,21,3,nan,nan,0
13495,21,71,nan,nan,0
13495,21,58,nan,nan,0
13495,22,68,nan,nan,0
13495,22,42,nan,nan,0
13495,22,37,nan,nan,0
13495,22,71,nan,nan,0
13495,22,37,nan,nan,0
13495,23,90,nan,nan,0
13495,23,38,nan,nan,0
13495,23,71,nan,nan,0
13495,23,71,nan,nan,0
13495,25,93,nan,nan,0
13495,25,37,nan,nan,0
13495,25,93,nan,nan,0
13495,25,99,nan,nan,0
13495,29,99,nan,nan,0
13495,29,12,nan,nan,0
13495,29,68,nan,nan,0
13495,29,17,nan,nan,0
13495,29,22,nan,nan,0
13495,29,96,nan,nan,0
13495,30,66,nan,nan,0
13495,30,3,nan,nan,0
13495,30,66,nan,nan,0
13495,30,81,nan,nan,0
13495,30,87,nan,nan,0
13495,30,30,nan,nan,0
13495,30,8,nan,nan,0
13495,30,68,nan,nan,0
13495,30,78,nan,nan,0
13495,30,43,nan,nan,0
13495,32,19,nan,nan,0
13495,32,19,nan,nan,0
13495,32,7,nan,nan,0
13495,32,7,nan,nan,0
13495,36,92,nan,nan,0
13495,36,62,nan,nan,0
13495,36,3,nan,nan,0
13495,36,62,nan,nan,0
13495,36,3,nan,nan,0
13495,38,4,nan,nan,0
13495,38,11,nan,nan,0
13495,38,12,nan,nan,0
13495,38,48,nan,nan,0
13495,38,56,nan,nan,0
13495,38,5,nan,nan,0
13495,38,69,nan,nan,0
13495,38,11,nan,nan,0
13495,38,83,nan,nan,0
13495,48,87,2,0.1,0
13495,48,16,nan,nan,0
13495,48,83,nan,nan,0
13495,48,72,1,0.25,0
13495,48,41,nan,nan,0
13495,48,8,nan,nan,0
13495,48,3,nan,nan,0
13495,56,2,nan,nan,0
13495,56,52,nan,nan,0
13495,56,89,nan,nan,0
13495,56,81,nan,nan,0
13495,56,23,nan,nan,0
13495,56,15,nan,nan,0
13495,57,76,1,0.25,0
13495,57,97,nan,nan,0
13495,57,46,nan,nan,0
13495,60,68,nan,nan,0
13495,60,61,nan,nan,0
13495,60,99,2,0.1,0
13495,61,82,nan,nan,0
13495,61,19,nan,nan,0
13495,61,83,2,0.1,0
13495,61,21,nan,nan,0
13495,61,65,nan,nan,0
13495,61,9,nan,nan,0
13495,61,15,3,0.33,0
13495,72,90,2,0.1,0
13495,72,16,nan,nan,0
13495,72,88,nan,nan,0
13495,72,61,2,0.1,0
13495,72,37,nan,nan,0
13495,76,71,nan,nan,0
13495,76,76,nan,nan,0
13495,76,37,nan,nan,0
13495,76,24,nan,nan,0
13495,76,68,nan,nan,0
13495,76,71,nan,nan,0
13495,76,20,nan,nan,0
13495,78,99,nan,nan,0
13495,78,93,nan,nan,0
13495,78,43,nan,nan,0
13495,82,54,nan,nan,0
13495,82,72,nan,nan,0
13495,82,37,nan,nan,0
13495,82,99,nan,nan,0
13495,85,57,nan,nan,0
13495,85,54,nan,nan,0
13495,85,52,nan,nan,0
13495,85,7,nan,nan,0
13495,86,11,nan,nan,0
13495,86,26,0,0.5,0
13495,86,7,nan,nan,0
13495,86,18,nan,nan,0
13495,91,61,nan,nan,0
13495,91,69,nan,nan,0
13495,91,18,nan,nan,0
13495,91,25,nan,nan,0
13495,91,34,2,0.1,0
13495,92,42,nan,nan,0
13495,92,67,nan,nan,0
13495,97,37,nan,nan,0
13495,97,96,nan,nan,0
13495,97,94,nan,nan,0
13495,98,90,nan,nan,0
13495,98,85,nan,nan,0
13495,98,44,nan,nan,0
13495,98,8,nan,nan,0
13495,101,94,nan,nan,0
13495,101,43,nan,nan,0
13495,104,45,nan,nan,0
13495,104,94,nan,nan,0
13495,104,95,nan,nan,0
13495,104,94,nan,nan,0
13495,104,20,nan,nan,0
13495,110,2,nan,nan,0
13495,110,70,nan,nan,0
13495,110,17,2,0.1,0
13495,110,10,3,0.25,0
13495,110,92,3,0.33,0
13495,110,2,nan,nan,0
13495,111,50,nan,nan,0
13495,111,34,nan,nan,0
13495,111,49,nan,nan,0
13495,111,18,nan,nan,0
13495,111,99,nan,nan,0
13495,111,18,nan,nan,0
13495,111,10,nan,nan,0
13495,111,84,nan,nan,0
13495,111,44,nan,nan,0
13495,111,80,nan,nan,0
13495,111,65,nan,nan,0
13495,112,87,3,0.33,0
13495,112,54,nan,nan,0
13495,112,63,nan,nan,0
13495,113,26,nan,nan,0
13495,113,14,nan,nan,0
13495,113,31,nan,nan,0
13495,113,50,nan,nan,0
13495,114,9,nan,nan,0
13495,114,98,nan,nan,0
13495,114,6,nan,nan,0
13495,114,66,nan,nan,0
13495,114,57,nan,nan,0
13495,114,88,nan,nan,0
13495,114,85,nan,nan,0
13495,115,56,nan,nan,0
13495,115,31,nan,nan,0
13495,115,32,nan,nan,0
13495,115,68,nan,nan,0
13495,115,32,nan,nan,0
13495,115,14,nan,nan,0
13495,115,18,nan,nan,0
13495,115,33,nan,nan,0
13495,119,79,2,0.1,0
13495,119,18,nan,nan,0
13495,125,12,nan,nan,0
13495,125,70,nan,nan,0
13495,125,44,nan,nan,0
13495,125,66,nan,nan,0
13495,125,81,nan,nan,0
13495,126,90,nan,nan,0
13495,126,6,nan,nan,0
13495,126,90,nan,nan,0
13495,126,90,nan,nan,0
13495,130,6,nan,nan,0
13495,130,79,nan,nan,0
13495,130,55,nan,nan,0
13495,130,85,nan,nan,0
13495,130,71,nan,nan,0
13495,130,20,nan,nan,0
13495,130,37,nan,nan,0
13495,135,14,nan,nan,0
13495,135,0,nan,nan,0
13495,135,20,nan,nan,0
13495,135,7,nan,nan,0
13495,135,27,nan,nan,0
13495,140,83,nan,nan,0
13495,140,80,1,0.25,0
13495,140,7,nan,nan,0
13495,140,34,nan,nan,0
13495,140,57,nan,nan,0
13495,140,48,nan,nan,0
13495,140,2,nan,nan,0
13495,140,92,nan,nan,0
13495,140,1,1,0.25,0
13495,140,17,2,0.1,0
13495,140,79,nan,nan,0
13495,140,57,nan,nan,0
13495,140,26,nan,nan,0
13495,145,96,nan,nan,0
13495,145,30,nan,nan,0
13495,145,23,nan,nan,0
13495,145,28,nan,nan,0
13495,145,56,1,0.25,0
13495,145,82,1,0.25,0
13495,145,98,nan,nan,0
13495,152,31,nan,nan,0
13495,152,54,nan,nan,0
13495,152,6,nan,nan,0
13495,152,26,nan,nan,0
13495,152,90,nan,nan,0
13495,152,89,nan,nan,0
13495,152,34,nan,nan,0
13495,152,80,nan,nan,0
13495,155,31,nan,nan,0
13495,155,36,nan,nan,0
13495,155,34,nan,nan,0
13495,144,1,0,0.5,0
13495,57,2,0,0.5,0
13495,57,55,4,0.41,0
13495,57,60,2,0.1,0
13495,74,8,3,0.25,0
13495,74,71,0,0.5,0
13495,88,10,0,0.5,0
13495,87,12,2,0.1,0
13495,142,17,1,0.25,0
13495,142,83,1,0.25,0
13495,142,98,0,0.5,0
13495,67,22,0,0.5,0
13495,43,24,1,0.25,0
13495,82,29,1,0.25,0
13495,137,32,3,0.25,0
13495,4,33,2,0.1,0
13495,39,37,3,0.25,0
13495,39,68,1,0.25,0
13495,72,38,2,0.1,0
13495,119,43,1,0.25,0
13495,119,47,0,0.5,0
13495,119,47,0,0.5,0
13495,132,44,2,0.1,0
13495,109,49,3,0.33,0
13495,28,55,4,0.41,0
13495,28,55,4,0.41,0
13495,28,62,1,0.25,0
13495,28,60,2,0.1,0
13495,28,60,2,0.1,0
13495,68,56,3,0.25,0
13495,5,57,3,0.5,0
13495,5,57,3,0.5,0
13495,101,58,3,0.25,0
13495,80,61,1,0.25,0
13495,64,66,0,0.5,0
13495,46,67,4,0.5,0
13495,46,67,4,0.5,0
13495,146,67,4,0.5,0
13495,146,67,4,0.5,0
13495,12,68,1,0.25,0
13495,61,75,1,0.25,0
13495,143,83,1,0.25,0
13495,106,87,1,0.25,0
13495,148,87,3,0.5,0
13495,148,87,3,0.5,0
13495,9,91,1,0.25,0
13495,108,92,1,0.25,0
13495,3,95,0,0.5,0
13495,76,99,1,0.25,0
13495,147,99,0,0.5,0
13496,0,21,nan,nan,19
13496,0,61,nan,nan,19
13496,0,15,nan,nan,19
13496,0,18,nan,nan,19
13496,0,12,nan,nan,19
13496,0,88,nan,nan,19
13496,0,19,nan,nan,19
13496,0,1,nan,nan,19
13496,0,34,nan,nan,19
13496,0,17,nan,nan,19
13496,0,35,nan,nan,19
13496,0,92,nan,nan,19
13496,0,35,nan,nan,19
13496,0,7,nan,nan,19
13496,5,65,nan,nan,19
13496,5,68,nan,nan,19
13496,5,2,nan,nan,19
13496,5,28,nan,nan,19
13496,5,17,nan,nan,19
13496,5,35,nan,nan,19
13496,5,93,nan,nan,19
13496,5,65,nan,nan,19
13496,5,24,nan,nan,19
13496,5,76,nan,nan,19
13496,5,39,nan,nan,19
13496,5,12,nan,nan,19
13496,5,66,nan,nan,19
13496,5,51,nan,nan,19
13496,5,23,2,0.1,19
13496,5,76,nan,nan,19
13496,5,76,nan,nan,19
13496,35,96,nan,nan,19
13496,35,80,nan,nan,19
13496,35,62,nan,nan,19
13496,35,42,nan,nan,19
13496,35,92,nan,nan,19
13496,35,9,nan,nan,19
13496,35,6,nan,nan,19
13496,35,92,nan,nan,19
13496,35,92,nan,nan,19
13496,35,44,nan,nan,19
13496,35,36,nan,nan,19
13496,35,92,nan,nan,19
13496,35,92,nan,nan,19
13496,35,7,nan,nan,19
13496,35,54,nan,nan,19
13496,49,44,nan,nan,19
13496,49,74,nan,nan,19
13496,49,8,nan,nan,19
13496,49,68,nan,nan,19
13496,49,8,nan,nan,19
13496,49,90,1,0.25,19
13496,49,34,nan,nan,19
13496,49,80,nan,nan,19
13496,49,36,nan,nan,19
13496,49,28,nan,nan,19
13496,49,65,nan,nan,19
13496,49,27,nan,nan,19
13496,49,8,nan,nan,19
13496,50,15,nan,nan,19
13496,50,55,nan,nan,19
13496,50,12,nan,nan,19
13496,50,54,nan,nan,19
13496,50,80,2,0.1,19
13496,50,14,nan,nan,19
13496,50,16,nan,nan,19
13496,50,31,2,0.1,19
13496,50,13,nan,nan,19
13496,50,13,nan,nan,19
13496,54,60,nan,nan,19
13496,54,55,nan,nan,19
13496,54,99,nan,nan,19
13496,54,63,nan,nan,19
13496,54,64,nan,nan,19
13496,54,65,nan,nan,19
13496,54,81,nan,nan,19
13496,54,63,nan,nan,19
13496,54,84,nan,nan,19
13496,54,71,nan,nan,19
13496,54,55,nan,nan,19
13496,54,91,nan,nan,19
13496,54,3,nan,nan,19
13496,54,2,nan,nan,19
13496,59,31,nan,nan,19
13496,59,82,nan,nan,19
13496,59,66,nan,nan,19
13496,59,10,nan,nan,19
13496,59,65,nan,nan,19
13496,59,85,nan,nan,19
13496,59,45,nan,nan,19
13496,59,24,nan,nan,19
13496,59,2,nan,nan,19
13496,59,80,nan,nan,19
13496,59,65,nan,nan,19
13496,59,53,nan,nan,19
13496,59,44,nan,nan,19
13496,59,46,nan,nan,19
13496,59,18,nan,nan,19
13496,59,23,nan,nan,19
13496,61,14,nan,nan,19
13496,61,21,nan,nan,19
13496,61,14,nan,nan,19
13496,61,21,nan,nan,19
13496,61,65,nan,nan,19
13496,61,82,nan,nan,19
13496,61,12,nan,nan,19
13496,61,21,nan,nan,19
13496,61,63,nan,nan,19
13496,61,20,nan,nan,19
13496,61,67,nan,nan,19
13496,61,73,nan,nan,19
13496,61,88,nan,nan,19
13496,61,30,nan,nan,19
13496,63,80,nan,nan,19
13496,63,54,nan,nan,19
13496,63,98,2,0.1,19
13496,63,40,nan,nan,19
13496,63,51,1,0.25,19
13496,63,39,2,0.1,19
13496,63,41,nan,nan,19
13496,63,50,nan,nan,19
13496,63,14,nan,nan,19
13496,63,9,nan,nan,19
13496,63,70,nan,nan,19
13496,63,33,nan,nan,19
13496,63,24,nan,nan,19
13496,63,27,nan,nan,19
13496,63,98,2,0.1,19
13496,63,93,nan,nan,19
13496,63,6,nan,nan,19
13496,64,49,nan,nan,19
13496,64,90,nan,nan,19
13496,64,41,nan,nan,19
13496,64,9,nan,nan,19
13496,64,90,nan,nan,19
13496,64,27,nan,nan,19
13496,64,32,nan,nan,19
13496,64,49,nan,nan,19
13496,64,68,nan,nan,19
13496,64,33,nan,nan,19
13496,85,52,nan,nan,19
13496,85,61,nan,nan,19
13496,85,57,nan,nan,19
13496,85,54,nan,nan,19
13496,85,15,nan,nan,19
13496,85,52,nan,nan,19
13496,85,57,nan,nan,19
13496,85,48,nan,nan,19
13496,87,32,nan,nan,19
13496,87,64,nan,nan,19
13496,97,96,nan,nan,19
13496,97,38,nan,nan,19
13496,97,41,nan,nan,19
13496,97,75,nan,nan,19
13496,97,56,nan,nan,19
13496,97,94,nan,nan,19
13496,97,96,nan,nan,19
13496,98,4,nan,nan,19
13496,98,8,nan,nan,19
13496,98,73,nan,nan,19
13496,98,56,nan,nan,19
13496,98,45,nan,nan,19
13496,98,58,nan,nan,19
13496,98,90,nan,nan,19
13496,98,77,nan,nan,19
13496,127,4,2,0.1,19
13496,127,21,nan,nan,19
13496,127,67,nan,nan,19
13496,127,60,2,0.1,19
13496,127,72,nan,nan,19
13496,127,17,nan,nan,19
13496,127,37,nan,nan,19
13496,127,68,nan,nan,19
13496,127,90,nan,nan,19
13496,127,71,3,0.25,19
13496,127,5,nan,nan,19
13496,127,66,nan,nan,19
13496,127,71,3,0.25,19
13496,68,0,1,0.25,19
13496,21,2,1,0.25,19
13496,136,12,1,0.25,19
13496,70,19,1,0.25,19
13496,70,44,0,0.5,19
13496,140,19,0,0.5,19
13496,140,80,1,0.25,19
13496,50,31,2,0.1,19
13496,72,35,0,0.5,19
13496,46,36,1,0.25,19
13496,46,37,2,0.1,19
13496,75,48,2,0.1,19
13496,75,59,3,0.33,19
13496,65,54,1,0.25,19
13496,148,61,1,0.25,19
13496,63,66,0,0.5,19
13496,129,68,1,0.25,19
13496,14,72,3,0.5,19
13496,14,72,3,0.5,19
13496,45,77,4,0.31,19
13496,45,24,nan,nan,19
13496,48,90,1,0.25,19
13496,110,92,3,0.33,19
13497,0,9,nan,nan,10
13497,0,61,nan,nan,10
13497,0,66,nan,nan,10
13497,0,23,nan,nan,10
13497,0,71,nan,nan,10
13497,0,90,nan,nan,10
13497,0,77,nan,nan,10
13497,0,37,nan,nan,10
13497,3,84,nan,nan,10
13497,3,16,nan,nan,10
13497,3,53,nan,nan,10
13497,3,27,nan,nan,10
13497,3,19,nan,nan,10
13497,3,94,nan,nan,10
13497,3,61,nan,nan,10
13497,3,80,nan,nan,10
13497,3,53,nan,nan,10
13497,3,53,nan,nan,10
13497,3,59,nan,nan,10
13497,3,90,nan,nan,10
13497,3,66,nan,nan,10
13497,6,2,nan,nan,10
13497,6,95,nan,nan,10
13497,6,4,nan,nan,10
13497,6,8,nan,nan,10
13497,6,15,nan,nan,10
13497,6,39,nan,nan,10
13497,6,65,nan,nan,10
13497,6,90,nan,nan,10
13497,6,91,nan,nan,10
13497,6,62,nan,nan,10
13497,6,47,nan,nan,10
13497,6,1,nan,nan,10
13497,6,22,nan,nan,10
13497,8,56,nan,nan,10
13497,8,62,nan,nan,10
13497,8,49,nan,nan,10
13497,8,10,nan,nan,10
13497,8,21,1,0.25,10
13497,8,82,1,0.25,10
13497,8,10,nan,nan,10
13497,8,23,1,0.25,10
13497,8,16,nan,nan,10
13497,8,82,1,0.25,10
13497,8,84,nan,nan,10
13497,8,26,2,0.1,10
13497,8,87,nan,nan,10
13497,11,33,2,0.1,10
13497,11,68,nan,nan,10
13497,11,61,1,0.25,10
13497,11,51,nan,nan,10
13497,11,8,nan,nan,10
13497,11,73,nan,nan,10
13497,14,92,nan,nan,10
13497,14,4,3,0.33,10
13497,14,71,nan,nan,10
13497,14,47,nan,nan,10
13497,14,23,1,0.25,10
13497,14,61,nan,nan,10
13497,17,90,3,0.25,10
13497,17,90,3,0.25,10
13497,17,87,2,0.1,10
13497,17,66,nan,nan,10
13497,17,16,2,0.1,10
13497,17,3,nan,nan,10
13497,17,8,nan,nan,10
13497,17,90,3,0.25,10
13497,17,47,nan,nan,10
13497,17,59,1,0.25,10
13497,17,78,nan,nan,10
13497,17,16,2,0.1,10
13497,17,76,1,0.25,10
13497,17,47,nan,nan,10
13497,17,90,3,0.25,10
13497,17,90,3,0.25,10
13497,17,90,3,0.25,10
13497,20,19,nan,nan,10
13497,20,22,nan,nan,10
13497,20,47,nan,nan,10
13497,20,56,nan,nan,10
13497,20,18,nan,nan,10
13497,20,22,nan,nan,10
13497,20,10,nan,nan,10
13497,20,1,nan,nan,10
13497,27,22,nan,nan,10
13497,27,54,nan,nan,10
13497,27,42,nan,nan,10
13497,27,66,nan,nan,10
13497,27,17,nan,nan,10
13497,27,86,nan,nan,10
13497,27,3,nan,nan,10
13497,27,66,nan,nan,10
13497,27,17,nan,nan,10
13497,27,44,nan,nan,10
13497,27,63,0,0.5,10
13497,27,42,nan,nan,10
13497,27,2,0,0.5,10
13497,28,29,nan,nan,10
13497,28,29,nan,nan,10
13497,28,37,nan,nan,10
13497,28,81,nan,nan,10
13497,28,81,nan,nan,10
13497,28,71,nan,nan,10
13497,28,68,nan,nan,10
13497,28,62,1,0.25,10
13497,28,16,nan,nan,10
13497,28,99,nan,nan,10
13497,28,71,nan,nan,10
13497,28,95,nan,nan,10
13497,28,91,nan,nan,10
13497,28,68,nan,nan,10
13497,28,37,nan,nan,10
13497,30,12,nan,nan,10
13497,30,7,2,0.1,10
13497,30,82,nan,nan,10
13497,30,10,nan,nan,10
13497,30,9,nan,nan,10
13497,30,85,nan,nan,10
13497,30,8,nan,nan,10
13497,30,56,nan,nan,10
13497,31,25,nan,nan,10
13497,31,15,nan,nan,10
13497,31,12,nan,nan,10
13497,31,54,nan,nan,10
13497,31,44,nan,nan,10
13497,31,54,nan,nan,10
13497,31,11,nan,nan,10
13497,34,81,nan,nan,10
13497,34,63,nan,nan,10
13497,34,73,nan,nan,10
13497,34,31,nan,nan,10
13497,34,7,nan,nan,10
13497,34,32,nan,nan,10
13497,34,7,nan,nan,10
13497,34,78,nan,nan,10
13497,34,4,nan,nan,10
13497,34,66,nan,nan,10
13497,34,80,nan,nan,10
13497,34,52,nan,nan,10
13497,34,57,nan,nan,10
13497,35,57,nan,nan,10
13497,35,38,nan,nan,10
13497,35,92,nan,nan,10
13497,35,8,nan,nan,10
13497,35,57,nan,nan,10
13497,35,7,nan,nan,10
13497,35,36,nan,nan,10
13497,35,68,nan,nan,10
13497,35,5,nan,nan,10
13497,35,62,nan,nan,10
13497,35,21,nan,nan,10
13497,35,62,nan,nan,10
13497,36,80,nan,nan,10
13497,36,36,nan,nan,10
13497,36,80,nan,nan,10
13497,36,6,nan,nan,10
13497,36,62,nan,nan,10
13497,36,57,nan,nan,10
13497,36,0,2,0.1,10
13497,36,54,2,0.1,10
13497,36,2,nan,nan,10
13497,36,88,1,0.25,10
13497,36,58,nan,nan,10
13497,36,92,nan,nan,10
13497,36,65,nan,nan,10
13497,36,76,nan,nan,10
13497,36,66,nan,nan,10
13497,36,80,nan,nan,10
13497,39,0,2,0.1,10
13497,39,87,nan,nan,10
13497,39,10,nan,nan,10
13497,39,96,nan,nan,10
13497,39,54,nan,nan,10
13497,39,39,nan,nan,10
13497,39,26,nan,nan,10
13497,39,96,nan,nan,10
13497,39,92,nan,nan,10
13497,41,5,nan,nan,10
13497,41,61,nan,nan,10
13497,41,41,nan,nan,10
13497,41,50,nan,nan,10
13497,41,68,nan,nan,10
13497,41,78,nan,nan,10
13497,41,90,nan,nan,10
13497,41,97,nan,nan,10
13497,41,21,nan,nan,10
13497,41,74,nan,nan,10
13497,41,68,nan,nan,10
13497,42,38,nan,nan,10
13497,42,38,nan,nan,10
13497,42,98,nan,nan,10
13497,42,58,nan,nan,10
13497,42,36,nan,nan,10
13497,42,44,nan,nan,10
13497,42,91,nan,nan,10
13497,42,70,nan,nan,10
13497,42,69,nan,nan,10
13497,42,11,nan,nan,10
13497,42,34,nan,nan,10
13497,44,53,2,0.1,10
13497,44,11,nan,nan,10
13497,44,81,nan,nan,10
13497,44,88,nan,nan,10
13497,44,90,2,0.1,10
13497,44,8,nan,nan,10
13497,44,81,nan,nan,10
13497,44,31,2,0.1,10
13497,44,90,2,0.1,10
13497,44,51,nan,nan,10
13497,49,84,nan,nan,10
13497,49,59,nan,nan,10
13497,49,84,nan,nan,10
13497,49,12,nan,nan,10
13497,49,54,nan,nan,10
13497,49,66,nan,nan,10
13497,49,10,nan,nan,10
13497,49,31,nan,nan,10
13497,49,4,nan,nan,10
13497,49,30,nan,nan,10
13497,49,77,nan,nan,10
13497,49,64,nan,nan,10
13497,49,8,nan,nan,10
13497,49,99,nan,nan,10
13497,49,94,nan,nan,10
13497,57,3,nan,nan,10
13497,57,59,nan,nan,10
13497,57,66,nan,nan,10
13497,57,9,nan,nan,10
13497,57,5,nan,nan,10
13497,57,80,nan,nan,10
13497,57,92,nan,nan,10
13497,57,21,nan,nan,10
13497,62,14,nan,nan,10
13497,62,94,nan,nan,10
13497,62,21,nan,nan,10
13497,62,39,nan,nan,10
13497,62,82,nan,nan,10
13497,62,78,nan,nan,10
13497,62,35,nan,nan,10
13497,62,74,nan,nan,10
13497,65,75,nan,nan,10
13497,65,61,nan,nan,10
13497,65,17,nan,nan,10
13497,65,10,nan,nan,10
13497,65,32,2,0.1,10
13497,65,50,nan,nan,10
13497,65,5,0,0.5,10
13497,65,9,nan,nan,10
13497,66,16,nan,nan,10
13497,66,4,nan,nan,10
13497,66,18,nan,nan,10
13497,66,1,nan,nan,10
13497,66,61,nan,nan,10
13497,66,87,nan,nan,10
13497,66,61,nan,nan,10
13497,66,70,nan,nan,10
13497,66,7,nan,nan,10
13497,66,51,nan,nan,10
13497,66,61,nan,nan,10
13497,66,87,nan,nan,10
13497,67,34,nan,nan,10
13497,67,27,nan,nan,10
13497,67,41,nan,nan,10
13497,67,0,1,0.25,10
13497,67,23,nan,nan,10
13497,67,55,4,0.41,10
13497,67,76,nan,nan,10
13497,67,8,nan,nan,10
13497,67,51,nan,nan,10
13497,67,12,nan,nan,10
13497,67,23,nan,nan,10
13497,67,61,nan,nan,10
13497,67,96,nan,nan,10
13497,67,60,nan,nan,10
13497,72,97,nan,nan,10
13497,72,50,nan,nan,10
13497,72,49,nan,nan,10
13497,72,53,nan,nan,10
13497,72,90,nan,nan,10
13497,72,19,nan,nan,10
13497,72,40,nan,nan,10
13497,72,38,nan,nan,10
13497,72,3,nan,nan,10
13497,72,0,nan,nan,10
13497,75,1,nan,nan,10
13497,75,68,nan,nan,10
13497,75,99,nan,nan,10
13497,75,99,nan,nan,10
13497,75,81,nan,nan,10
13497,75,37,nan,nan,10
13497,75,56,nan,nan,10
13497,75,88,nan,nan,10
13497,75,45,nan,nan,10
13497,77,66,nan,nan,10
13497,77,9,nan,nan,10
13497,77,62,nan,nan,10
13497,77,99,nan,nan,10
13497,77,7,nan,nan,10
13497,77,99,nan,nan,10
13497,77,20,nan,nan,10
13497,77,54,nan,nan,10
13497,77,46,3,0.25,10
13497,77,99,nan,nan,10
13497,77,99,nan,nan,10
13497,77,27,nan,nan,10
13497,82,66,nan,nan,10
13497,82,81,nan,nan,10
13497,82,66,nan,nan,10
13497,82,1,nan,nan,10
13497,82,42,nan,nan,10
13497,82,29,nan,nan,10
13497,82,50,nan,nan,10
13497,82,54,nan,nan,10
13497,82,91,nan,nan,10
13497,82,29,nan,nan,10
13497,82,12,nan,nan,10
13497,82,16,nan,nan,10
13497,82,99,nan,nan,10
13497,82,74,nan,nan,10
13497,83,52,nan,nan,10
13497,83,35,nan,nan,10
13497,83,29,nan,nan,10
13497,83,52,nan,nan,10
13497,83,36,nan,nan,10
13497,83,6,nan,nan,10
13497,83,20,nan,nan,10
13497,83,90,nan,nan,10
13497,83,13,nan,nan,10
13497,83,68,nan,nan,10
13497,91,57,nan,nan,10
13497,91,80,nan,nan,10
13497,91,7,nan,nan,10
13497,91,66,nan,nan,10
13497,91,36,nan,nan,10
13497,91,96,nan,nan,10
13497,91,81,nan,nan,10
13497,91,51,nan,nan,10
13497,91,34,nan,nan,10
13497,91,38,nan,nan,10
13497,91,56,nan,nan,10
13497,93,9,nan,nan,10
13497,93,8,nan,nan,10
13497,93,35,nan,nan,10
13497,93,34,nan,nan,10
13497,93,34,nan,nan,10
13497,93,90,2,0.1,10
13497,93,83,nan,nan,10
13497,93,61,nan,nan,10
13497,93,32,nan,nan,10
13497,93,30,nan,nan,10
13497,93,1,nan,nan,10
13497,93,38,2,0.1,10
13497,97,64,nan,nan,10
13497,97,94,nan,nan,10
13497,97,29,nan,nan,10
13497,97,67,nan,nan,10
13497,97,31,nan,nan,10
13497,97,94,nan,nan,10
13497,97,79,nan,nan,10
13497,97,37,nan,nan,10
13497,97,8,nan,nan,10
13497,97,15,nan,nan,10
13497,97,61,nan,nan,10
13497,97,68,nan,nan,10
13497,97,31,nan,nan,10
13497,97,81,nan,nan,10
13497,97,72,nan,nan,10
13497,102,49,nan,nan,10
13497,102,8,nan,nan,10
13497,102,8,nan,nan,10
13497,102,98,nan,nan,10
13497,102,35,nan,nan,10
13497,102,48,2,0.1,10
13497,102,31,nan,nan,10
13497,102,31,nan,nan,10
13497,102,34,nan,nan,10
13497,102,31,nan,nan,10
13497,102,44,nan,nan,10
13497,102,33,nan,nan,10
13497,102,50,nan,nan,10
13497,102,44,nan,nan,10
13497,102,53,nan,nan,10
13497,102,0,2,0.1,10
13497,102,99,nan,nan,10
13497,102,68,nan,nan,10
13497,102,2,nan,nan,10
13497,102,96,nan,nan,10
13497,102,87,2,0.1,10
13497,102,85,nan,nan,10
13497,106,70,nan,nan,10
13497,106,5,nan,nan,10
13497,106,99,2,0.1,10
13497,106,65,nan,nan,10
13497,106,89,nan,nan,10
13497,106,96,nan,nan,10
13497,106,38,nan,nan,10
13497,106,55,nan,nan,10
13497,106,65,nan,nan,10
13497,106,64,nan,nan,10
13497,106,53,nan,nan,10
13497,106,67,nan,nan,10
13497,106,46,nan,nan,10
13497,112,63,nan,nan,10
13497,112,33,4,0.14,10
13497,112,21,nan,nan,10
13497,112,22,nan,nan,10
13497,112,63,nan,nan,10
13497,112,66,nan,nan,10
13497,112,82,nan,nan,10
13497,112,21,nan,nan,10
13497,112,26,nan,nan,10
13497,112,2,nan,nan,10
13497,112,72,nan,nan,10
13497,112,55,nan,nan,10
13497,113,14,nan,nan,10
13497,113,5,nan,nan,10
13497,113,26,nan,nan,10
13497,113,26,nan,nan,10
13497,113,26,nan,nan,10
13497,113,93,nan,nan,10
13497,113,26,nan,nan,10
13497,113,21,nan,nan,10
13497,113,26,nan,nan,10
13497,113,12,nan,nan,10
13497,117,99,nan,nan,10
13497,117,99,nan,nan,10
13497,117,54,nan,nan,10
13497,117,99,nan,nan,10
13497,117,46,nan,nan,10
13497,117,18,nan,nan,10
13497,120,87,3,0.25,10
13497,120,89,nan,nan,10
13497,120,47,nan,nan,10
13497,120,86,2,0.1,10
13497,120,95,nan,nan,10
13497,120,87,3,0.25,10
13497,120,5,nan,nan,10
13497,120,90,1,0.25,10
13497,120,12,nan,nan,10
13497,120,91,nan,nan,10
13497,124,47,nan,nan,10
13497,124,6,nan,nan,10
13497,124,30,nan,nan,10
13497,124,99,nan,nan,10
13497,124,42,nan,nan,10
13497,124,94,nan,nan,10
13497,124,3,nan,nan,10
13497,124,13,nan,nan,10
13497,124,94,nan,nan,10
13497,124,16,nan,nan,10
13497,124,13,nan,nan,10
13497,126,68,nan,nan,10
13497,126,26,nan,nan,10
13497,126,13,nan,nan,10
13497,126,94,nan,nan,10
13497,126,50,nan,nan,10
13497,126,0,nan,nan,10
13497,126,87,nan,nan,10
13497,126,0,nan,nan,10
13497,126,44,nan,nan,10
13497,126,1,nan,nan,10
13497,126,68,nan,nan,10
13497,126,34,nan,nan,10
13497,126,58,nan,nan,10
13497,128,68,nan,nan,10
13497,128,85,nan,nan,10
13497,128,93,nan,nan,10
13497,128,66,nan,nan,10
13497,128,13,nan,nan,10
13497,128,37,nan,nan,10
13497,128,23,nan,nan,10
13497,128,37,nan,nan,10
13497,128,66,nan,nan,10
13497,128,71,nan,nan,10
13497,128,89,nan,nan,10
13497,128,94,nan,nan,10
13497,128,43,nan,nan,10
13497,128,42,nan,nan,10
13497,128,81,nan,nan,10
13497,128,71,nan,nan,10
13497,128,71,nan,nan,10
13497,130,37,nan,nan,10
13497,130,15,nan,nan,10
13497,130,16,nan,nan,10
13497,130,67,nan,nan,10
13497,130,73,nan,nan,10
13497,130,75,nan,nan,10
13497,130,13,nan,nan,10
13497,130,37,nan,nan,10
13497,131,61,nan,nan,10
13497,131,71,nan,nan,10
13497,131,48,nan,nan,10
13497,131,36,nan,nan,10
13497,131,68,nan,nan,10
13497,131,68,nan,nan,10
13497,131,36,nan,nan,10
13497,131,71,nan,nan,10
13497,131,75,nan,nan,10
13497,131,33,nan,nan,10
13497,132,96,nan,nan,10
13497,132,89,1,0.25,10
13497,132,71,2,0.1,10
13497,132,29,nan,nan,10
13497,132,37,nan,nan,10
13497,132,88,nan,nan,10
13497,132,23,nan,nan,10
13497,132,7,nan,nan,10
13497,132,87,2,0.1,10
13497,132,99,nan,nan,10
13497,132,10,nan,nan,10
13497,132,22,0,0.5,10
13497,132,99,nan,nan,10
13497,132,56,nan,nan,10
13497,132,71,2,0.1,10
13497,132,17,nan,nan,10
13497,132,13,nan,nan,10
13497,132,71,2,0.1,10
13497,132,1,nan,nan,10
13497,133,7,nan,nan,10
13497,133,99,nan,nan,10
13497,133,37,nan,nan,10
13497,133,50,2,0.1,10
13497,133,4,nan,nan,10
13497,133,83,3,0.5,10
13497,133,29,nan,nan,10
13497,133,71,2,0.1,10
13497,133,12,nan,nan,10
13497,133,71,2,0.1,10
13497,133,0,nan,nan,10
13497,133,83,3,0.5,10
13497,136,51,nan,nan,10
13497,136,56,nan,nan,10
13497,136,12,nan,nan,10
13497,136,52,nan,nan,10
13497,136,12,nan,nan,10
13497,136,51,nan,nan,10
13497,136,60,nan,nan,10
13497,136,42,nan,nan,10
13497,136,85,nan,nan,10
13497,141,92,nan,nan,10
13497,141,23,nan,nan,10
13497,141,96,nan,nan,10
13497,141,12,2,0.1,10
13497,141,57,nan,nan,10
13497,141,84,nan,nan,10
13497,141,37,nan,nan,10
13497,141,8,nan,nan,10
13497,141,42,nan,nan,10
13497,141,45,nan,nan,10
13497,143,42,nan,nan,10
13497,143,80,nan,nan,10
13497,143,96,nan,nan,10
13497,143,68,3,0.25,10
13497,143,87,nan,nan,10
13497,143,6,nan,nan,10
13497,143,18,nan,nan,10
13497,143,69,nan,nan,10
13497,143,69,nan,nan,10
13497,143,97,0,0.5,10
13497,143,61,2,0.1,10
13497,143,86,1,0.25,10
13497,144,76,nan,nan,10
13497,144,15,nan,nan,10
13497,144,96,nan,nan,10
13497,144,72,nan,nan,10
13497,144,11,nan,nan,10
13497,144,95,nan,nan,10
13497,144,91,nan,nan,10
13497,144,10,nan,nan,10
13497,144,11,nan,nan,10
13497,144,18,nan,nan,10
13497,144,12,nan,nan,10
13497,144,42,nan,nan,10
13497,144,39,nan,nan,10
13497,144,71,nan,nan,10
13497,144,11,nan,nan,10
13497,144,99,nan,nan,10
13497,147,40,nan,nan,10
13497,147,44,nan,nan,10
13497,147,68,nan,nan,10
13497,147,12,nan,nan,10
13497,147,93,nan,nan,10
13497,147,58,nan,nan,10
13497,147,95,nan,nan,10
13497,147,13,nan,nan,10
13497,147,12,nan,nan,10
13497,147,96,nan,nan,10
13497,149,68,nan,nan,10
13497,149,31,nan,nan,10
13497,149,13,nan,nan,10
13497,149,71,nan,nan,10
13497,149,24,nan,nan,10
13497,149,44,nan,nan,10
13497,149,31,nan,nan,10
13497,149,5,nan,nan,10
13497,149,57,nan,nan,10
13497,149,44,nan,nan,10
13497,149,68,nan,nan,10
13497,149,67,nan,nan,10
13497,57,4,2,0.1,10
13497,140,9,3,0.25,10
13497,126,10,1,0.25,10
13497,10,11,0,0.5,10
13497,121,12,1,0.25,10
13497,121,29,4,0.47,10
13497,121,99,0,0.5,10
13497,121,14,nan,nan,10
13497,22,15,0,0.5,10
13497,119,16,1,0.25,10
13497,119,65,3,0.33,10
13497,7,21,1,0.25,10
13497,86,26,0,0.5,10
13497,11,29,3,0.5,10
13497,11,29,3,0.5,10
13497,20,29,4,0.47,10
13497,20,14,nan,nan,10
13497,151,31,3,0.25,10
13497,77,34,0,0.5,10
13497,39,36,0,0.5,10
13497,63,51,1,0.25,10
13497,63,99,1,0.25,10
13497,133,53,0,0.5,10
13497,29,61,0,0.5,10
13497,143,68,3,0.25,10
13497,143,98,0,0.5,10
13497,141,90,3,0.25,10
13498,19,8,nan,nan,28
13498,19,17,nan,nan,28
13498,19,55,nan,nan,28
13498,19,56,nan,nan,28
13498,19,47,nan,nan,28
13498,19,51,nan,nan,28
13498,25,68,nan,nan,28
13498,25,71,nan,nan,28
13498,25,72,nan,nan,28
13498,25,71,nan,nan,28
13498,44,51,nan,nan,28
13498,44,76,nan,nan,28
13498,67,4,nan,nan,28
13498,67,86,nan,nan,28
13498,67,41,nan,nan,28
13498,67,59,nan,nan,28
13498,67,20,nan,nan,28
13498,67,18,nan,nan,28
13498,74,80,2,0.1,28
13498,74,22,nan,nan,28
13498,74,22,nan,nan,28
13498,74,66,nan,nan,28
13498,74,68,nan,nan,28
13498,74,92,nan,nan,28
13498,74,42,nan,nan,28
13498,74,58,nan,nan,28
13498,74,98,0,0.5,28
13498,74,34,nan,nan,28
13498,74,77,nan,nan,28
13498,80,74,2,0.1,28
13498,80,56,3,0.25,28
13498,80,12,nan,nan,28
13498,100,81,nan,nan,28
13498,100,25,nan,nan,28
13498,100,60,nan,nan,28
13498,100,52,nan,nan,28
13498,100,81,nan,nan,28
13498,100,61,nan,nan,28
13498,100,94,nan,nan,28
13498,100,39,nan,nan,28
13498,100,2,nan,nan,28
13498,117,97,nan,nan,28
13498,117,4,nan,nan,28
13498,117,33,nan,nan,28
13498,117,76,nan,nan,28
13498,117,49,nan,nan,28
13498,117,67,nan,nan,28
13498,122,95,nan,nan,28
13498,122,41,2,0.1,28
13498,122,42,nan,nan,28
13498,122,37,1,0.25,28
13498,124,95,nan,nan,28
13498,124,44,nan,nan,28
13498,124,89,nan,nan,28
13498,130,29,nan,nan,28
13498,130,26,2,0.1,28
13498,130,46,nan,nan,28
13498,130,1,nan,nan,28
13498,130,3,nan,nan,28
13498,130,77,nan,nan,28
13498,130,99,nan,nan,28
13498,147,58,nan,nan,28
13498,147,34,nan,nan,28
13498,147,38,2,0.1,28
13498,147,96,nan,nan,28
13498,147,11,nan,nan,28
13498,147,38,2,0.1,28
13498,147,31,nan,nan,28
13498,49,6,0,0.5,28
13498,102,6,2,0.1,28
13498,36,12,2,0.1,28
13498,36,61,0,0.5,28
13498,136,12,1,0.25,28
13498,127,14,3,0.25,28
13498,133,25,0,0.5,28
13498,86,26,0,0.5,28
13498,8,29,4,0.47,28
13498,8,14,nan,nan,28
13498,32,31,1,0.25,28
13498,61,35,2,0.1,28
13498,119,44,2,0.1,28
13498,48,55,4,0.41,28
13498,48,60,nan,nan,28
13498,39,60,2,0.1,28
13498,39,63,0,0.5,28
13498,30,61,0,0.5,28
13498,80,61,1,0.25,28
13498,126,63,0,0.5,28
13498,23,65,0,0.5,28
13498,63,66,0,0.5,28
13498,83,69,3,0.33,28
13498,151,74,nan,nan,28
13498,27,75,1,0.25,28
13498,128,80,2,0.1,28
13498,3,95,0,0.5,28
13498,52,95,nan,nan,28
13498,146,99,0,0.5,28
13499,2,94,nan,nan,17
13499,2,80,nan,nan,17
13499,2,37,nan,nan,17
13499,2,73,nan,nan,17
13499,2,8,1,0.25,17
13499,2,84,nan,nan,17
13499,2,65,nan,nan,17
13499,2,29,nan,nan,17
13499,2,81,nan,nan,17
13499,2,76,1,0.25,17
13499,2,33,nan,nan,17
