4429,26,66,nan,nan,28
4429,26,82,nan,nan,28
4429,26,68,nan,nan,28
4429,26,71,nan,nan,28
4429,29,99,nan,nan,28
4429,29,42,1,0.25,28
4429,29,91,1,0.25,28
4429,29,91,1,0.25,28
4429,29,75,nan,nan,28
4429,32,7,nan,nan,28
4429,32,42,nan,nan,28
4429,32,56,nan,nan,28
4429,32,73,nan,nan,28
4429,33,52,nan,nan,28
4429,33,7,nan,nan,28
4429,33,12,3,0.25,28
4429,33,0,nan,nan,28
4429,33,56,nan,nan,28
4429,37,83,nan,nan,28
4429,39,80,nan,nan,28
4429,39,16,2,0.1,28
4429,39,96,nan,nan,28
4429,39,48,nan,nan,28
4429,39,31,nan,nan,28
4429,39,4,nan,nan,28
4429,39,11,nan,nan,28
4429,39,80,nan,nan,28
4429,39,71,1,0.25,28
4429,40,25,nan,nan,28
4429,40,99,nan,nan,28
4429,40,89,nan,nan,28
4429,40,11,nan,nan,28
4429,40,80,nan,nan,28
4429,41,19,nan,nan,28
4429,41,5,nan,nan,28
4429,41,88,nan,nan,28
4429,41,59,nan,nan,28
4429,41,42,nan,nan,28
4429,41,17,nan,nan,28
4429,41,11,nan,nan,28
4429,41,96,nan,nan,28
4429,50,31,2,0.1,28
4429,50,41,nan,nan,28
4429,50,5,nan,nan,28
4429,50,51,nan,nan,28
4429,50,94,nan,nan,28
4429,50,22,nan,nan,28
4429,50,95,nan,nan,28
4429,50,81,2,0.1,28
4429,50,61,nan,nan,28
4429,60,21,nan,nan,28
4429,60,49,nan,nan,28
4429,60,21,nan,nan,28
4429,60,82,nan,nan,28
4429,60,26,nan,nan,28
4429,65,69,1,0.25,28
4429,65,54,1,0.25,28
4429,65,61,nan,nan,28
4429,73,95,nan,nan,28
4429,75,98,nan,nan,28
4429,75,93,nan,nan,28
4429,75,66,nan,nan,28
4429,75,68,nan,nan,28
4429,75,87,nan,nan,28
4429,75,78,nan,nan,28
4429,75,99,nan,nan,28
4429,105,1,nan,nan,28
4429,105,84,nan,nan,28
4429,105,77,4,0.31,28
4429,105,6,0,0.5,28
4429,105,65,nan,nan,28
4429,105,8,nan,nan,28
4429,105,24,nan,nan,28
4429,107,84,nan,nan,28
4429,107,65,nan,nan,28
4429,107,59,nan,nan,28
4429,107,15,nan,nan,28
4429,107,6,nan,nan,28
4429,107,53,nan,nan,28
4429,133,29,nan,nan,28
4429,133,37,nan,nan,28
4429,133,75,nan,nan,28
4429,133,63,nan,nan,28
4429,133,32,nan,nan,28
4429,133,75,nan,nan,28
4429,133,44,2,0.1,28
4429,146,96,nan,nan,28
4429,146,87,nan,nan,28
4429,146,24,nan,nan,28
4429,146,31,nan,nan,28
4429,146,26,nan,nan,28
4429,152,93,0,0.5,28
4429,152,15,2,0.1,28
4429,152,38,nan,nan,28
4429,152,95,nan,nan,28
4429,108,2,0,0.5,28
4429,108,2,0,0.5,28
4429,119,7,3,0.5,28
4429,119,7,3,0.5,28
4429,20,29,4,0.47,28
4429,20,14,nan,nan,28
4429,4,33,2,0.1,28
4429,136,36,0,0.5,28
4429,136,36,0,0.5,28
4429,125,37,0,0.5,28
4429,105,39,0,0.5,28
4429,22,42,3,0.33,28
4429,82,42,0,0.5,28
4429,82,69,3,0.33,28
4429,83,42,0,0.5,28
4429,83,84,2,0.1,28
4429,153,43,2,0.1,28
4429,50,44,2,0.1,28
4429,70,44,0,0.5,28
4429,12,51,3,0.33,28
4429,133,53,0,0.5,28
4429,130,58,1,0.25,28
4429,130,66,1,0.25,28
4429,152,65,1,0.25,28
4429,63,66,0,0.5,28
4429,63,73,1,0.25,28
4429,77,67,4,0.5,28
4429,77,67,4,0.5,28
4429,86,68,0,0.5,28
4429,42,94,1,0.25,28
4429,27,97,1,0.25,28
4429,92,99,1,0.25,28
4429,146,99,0,0.5,28
4430,5,51,nan,nan,22
4430,5,85,nan,nan,22
4430,5,32,nan,nan,22
4430,5,65,nan,nan,22
4430,5,68,nan,nan,22
4430,5,34,nan,nan,22
4430,5,42,nan,nan,22
4430,7,91,nan,nan,22
4430,7,71,nan,nan,22
4430,7,3,nan,nan,22
4430,7,52,nan,nan,22
4430,7,90,nan,nan,22
4430,7,15,nan,nan,22
4430,7,32,nan,nan,22
4430,7,50,nan,nan,22
4430,7,74,nan,nan,22
4430,7,71,nan,nan,22
4430,7,97,nan,nan,22
4430,7,65,nan,nan,22
4430,10,42,nan,nan,22
4430,10,0,2,0.1,22
4430,10,63,nan,nan,22
4430,10,53,0,0.5,22
4430,10,32,nan,nan,22
4430,10,81,nan,nan,22
4430,10,91,nan,nan,22
4430,10,20,nan,nan,22
4430,10,18,2,0.1,22
4430,10,40,nan,nan,22
4430,10,9,nan,nan,22
4430,10,49,nan,nan,22
4430,10,98,nan,nan,22
4430,14,61,nan,nan,22
4430,14,18,nan,nan,22
4430,14,48,nan,nan,22
4430,14,14,nan,nan,22
4430,14,68,nan,nan,22
4430,14,4,nan,nan,22
4430,14,13,nan,nan,22
4430,14,81,nan,nan,22
4430,14,71,nan,nan,22
4430,14,4,nan,nan,22
4430,14,4,nan,nan,22
4430,14,28,nan,nan,22
4430,14,18,nan,nan,22
4430,14,4,nan,nan,22
4430,14,12,nan,nan,22
4430,16,95,nan,nan,22
4430,16,34,nan,nan,22
4430,16,89,nan,nan,22
4430,16,78,nan,nan,22
4430,16,47,nan,nan,22
4430,16,66,nan,nan,22
4430,16,76,nan,nan,22
4430,16,32,nan,nan,22
4430,16,57,nan,nan,22
4430,18,47,nan,nan,22
4430,18,93,nan,nan,22
4430,18,81,nan,nan,22
4430,18,89,nan,nan,22
4430,18,6,nan,nan,22
4430,18,90,3,0.25,22
4430,18,56,nan,nan,22
4430,18,71,nan,nan,22
4430,18,89,nan,nan,22
4430,18,44,nan,nan,22
4430,18,89,nan,nan,22
4430,18,85,1,0.25,22
4430,18,90,3,0.25,22
4430,18,36,nan,nan,22
4430,19,62,nan,nan,22
4430,19,81,nan,nan,22
4430,19,37,nan,nan,22
4430,19,95,nan,nan,22
4430,19,61,nan,nan,22
4430,19,94,nan,nan,22
4430,19,51,nan,nan,22
4430,19,44,nan,nan,22
4430,19,66,nan,nan,22
4430,19,42,nan,nan,22
4430,19,16,nan,nan,22
4430,19,53,nan,nan,22
4430,19,44,nan,nan,22
4430,19,17,nan,nan,22
4430,24,93,nan,nan,22
4430,24,37,nan,nan,22
4430,24,68,nan,nan,22
4430,24,31,nan,nan,22
4430,24,42,nan,nan,22
4430,24,68,nan,nan,22
4430,24,99,nan,nan,22
4430,24,43,nan,nan,22
4430,24,71,nan,nan,22
4430,24,12,nan,nan,22
4430,24,15,nan,nan,22
4430,24,21,nan,nan,22
4430,24,5,nan,nan,22
4430,24,58,nan,nan,22
4430,24,71,nan,nan,22
4430,25,9,nan,nan,22
4430,25,93,nan,nan,22
4430,25,8,nan,nan,22
4430,25,72,nan,nan,22
4430,25,93,nan,nan,22
4430,25,56,nan,nan,22
4430,25,8,nan,nan,22
4430,25,28,nan,nan,22
4430,25,66,nan,nan,22
4430,25,7,nan,nan,22
4430,25,81,nan,nan,22
4430,25,71,nan,nan,22
4430,25,81,nan,nan,22
4430,25,31,nan,nan,22
4430,25,55,nan,nan,22
4430,25,34,nan,nan,22
4430,25,71,nan,nan,22
4430,25,86,nan,nan,22
4430,25,69,nan,nan,22
4430,25,83,nan,nan,22
4430,25,68,nan,nan,22
4430,28,63,0,0.5,22
4430,28,71,nan,nan,22
4430,28,66,nan,nan,22
4430,28,44,nan,nan,22
4430,28,75,1,0.25,22
4430,28,42,nan,nan,22
4430,28,60,2,0.1,22
4430,28,25,nan,nan,22
4430,28,37,nan,nan,22
4430,28,17,nan,nan,22
4430,28,19,nan,nan,22
4430,28,75,1,0.25,22
4430,28,53,nan,nan,22
4430,31,75,nan,nan,22
4430,31,12,nan,nan,22
4430,31,44,nan,nan,22
4430,31,61,nan,nan,22
4430,31,67,nan,nan,22
4430,31,12,nan,nan,22
4430,31,54,nan,nan,22
4430,31,54,nan,nan,22
4430,31,75,nan,nan,22
4430,31,27,nan,nan,22
4430,31,32,nan,nan,22
4430,31,35,nan,nan,22
4430,34,6,nan,nan,22
4430,34,93,nan,nan,22
4430,34,34,nan,nan,22
4430,34,59,nan,nan,22
4430,34,6,nan,nan,22
4430,34,92,nan,nan,22
4430,34,34,nan,nan,22
4430,34,99,nan,nan,22
4430,34,29,nan,nan,22
4430,34,14,nan,nan,22
4430,34,92,nan,nan,22
4430,34,36,nan,nan,22
4430,34,40,nan,nan,22
4430,34,2,nan,nan,22
4430,34,66,nan,nan,22
4430,34,15,nan,nan,22
4430,34,86,nan,nan,22
4430,34,9,nan,nan,22
4430,34,7,nan,nan,22
4430,34,93,nan,nan,22
4430,34,92,nan,nan,22
4430,36,42,nan,nan,22
4430,36,42,nan,nan,22
4430,36,62,nan,nan,22
4430,36,75,nan,nan,22
4430,36,7,nan,nan,22
4430,36,7,nan,nan,22
4430,36,85,nan,nan,22
4430,36,92,nan,nan,22
4430,36,43,nan,nan,22
4430,36,17,nan,nan,22
4430,36,88,nan,nan,22
4430,36,83,nan,nan,22
4430,36,26,nan,nan,22
4430,36,57,nan,nan,22
4430,42,46,nan,nan,22
4430,42,49,nan,nan,22
4430,42,34,nan,nan,22
4430,42,43,nan,nan,22
4430,42,29,nan,nan,22
4430,42,41,nan,nan,22
4430,42,66,2,0.1,22
4430,42,28,nan,nan,22
4430,42,80,nan,nan,22
4430,42,54,nan,nan,22
4430,42,1,nan,nan,22
4430,42,96,nan,nan,22
4430,42,90,2,0.1,22
4430,42,17,nan,nan,22
4430,43,38,nan,nan,22
4430,43,36,nan,nan,22
4430,43,5,nan,nan,22
4430,43,62,2,0.1,22
4430,43,88,nan,nan,22
4430,43,73,nan,nan,22
4430,43,12,2,0.1,22
4430,43,38,nan,nan,22
4430,43,91,nan,nan,22
4430,43,49,nan,nan,22
4430,43,22,nan,nan,22
4430,43,61,nan,nan,22
4430,50,16,nan,nan,22
4430,50,9,3,0.25,22
4430,50,33,4,0.14,22
4430,50,95,nan,nan,22
4430,50,29,nan,nan,22
4430,50,36,nan,nan,22
4430,50,54,nan,nan,22
4430,50,10,nan,nan,22
4430,50,96,2,0.1,22
4430,50,31,2,0.1,22
4430,50,34,nan,nan,22
4430,50,8,nan,nan,22
4430,50,77,nan,nan,22
4430,50,29,nan,nan,22
4430,50,55,nan,nan,22
4430,55,37,nan,nan,22
4430,55,11,nan,nan,22
4430,55,65,nan,nan,22
4430,55,19,nan,nan,22
4430,55,59,nan,nan,22
4430,55,5,nan,nan,22
4430,55,83,nan,nan,22
4430,55,62,nan,nan,22
4430,55,90,nan,nan,22
4430,55,12,nan,nan,22
4430,55,37,nan,nan,22
4430,55,53,nan,nan,22
4430,55,66,nan,nan,22
4430,55,55,nan,nan,22
4430,60,54,nan,nan,22
4430,60,21,nan,nan,22
4430,60,63,nan,nan,22
4430,60,83,2,0.1,22
4430,60,95,3,0.5,22
4430,60,52,nan,nan,22
4430,60,80,nan,nan,22
4430,60,26,nan,nan,22
4430,60,82,nan,nan,22
4430,60,33,nan,nan,22
4430,60,1,nan,nan,22
4430,60,18,2,0.1,22
4430,60,27,nan,nan,22
4430,60,29,nan,nan,22
4430,60,21,nan,nan,22
4430,60,81,nan,nan,22
4430,60,38,nan,nan,22
4430,60,56,nan,nan,22
4430,60,65,nan,nan,22
4430,60,60,nan,nan,22
4430,60,51,nan,nan,22
4430,60,64,2,0.1,22
4430,60,95,3,0.5,22
4430,63,6,nan,nan,22
4430,63,9,nan,nan,22
4430,63,32,nan,nan,22
4430,63,18,nan,nan,22
4430,63,95,nan,nan,22
4430,63,76,nan,nan,22
4430,63,6,nan,nan,22
4430,63,14,nan,nan,22
4430,63,44,2,0.1,22
4430,63,98,2,0.1,22
4430,63,80,nan,nan,22
4430,64,78,nan,nan,22
4430,64,44,2,0.1,22
4430,64,33,nan,nan,22
4430,64,12,2,0.1,22
4430,64,27,nan,nan,22
4430,64,33,nan,nan,22
4430,64,51,1,0.25,22
4430,64,27,nan,nan,22
4430,64,27,nan,nan,22
4430,66,14,nan,nan,22
4430,66,7,nan,nan,22
4430,66,92,nan,nan,22
4430,66,87,nan,nan,22
4430,66,66,nan,nan,22
4430,66,60,nan,nan,22
4430,66,50,nan,nan,22
4430,67,77,nan,nan,22
4430,67,87,nan,nan,22
4430,67,87,nan,nan,22
4430,67,18,nan,nan,22
4430,67,31,2,0.1,22
4430,67,92,nan,nan,22
4430,67,81,nan,nan,22
4430,67,13,nan,nan,22
4430,67,54,nan,nan,22
4430,67,30,nan,nan,22
4430,67,53,nan,nan,22
4430,67,76,nan,nan,22
4430,67,25,nan,nan,22
4430,67,94,3,0.25,22
4430,67,6,nan,nan,22
4430,67,49,nan,nan,22
4430,67,5,nan,nan,22
4430,67,61,nan,nan,22
4430,67,44,nan,nan,22
4430,67,61,nan,nan,22
4430,67,11,1,0.25,22
4430,68,87,nan,nan,22
4430,68,58,nan,nan,22
4430,68,87,nan,nan,22
4430,68,50,nan,nan,22
4430,68,75,nan,nan,22
4430,68,59,nan,nan,22
4430,68,87,nan,nan,22
4430,68,45,nan,nan,22
4430,68,97,2,0.1,22
4430,68,60,nan,nan,22
4430,68,97,2,0.1,22
4430,68,40,nan,nan,22
4430,68,16,nan,nan,22
4430,68,89,nan,nan,22
4430,68,15,nan,nan,22
4430,68,37,nan,nan,22
4430,87,36,nan,nan,22
4430,87,80,1,0.25,22
4430,87,66,nan,nan,22
4430,87,40,nan,nan,22
4430,87,62,nan,nan,22
4430,87,36,nan,nan,22
4430,87,48,2,0.1,22
4430,87,36,nan,nan,22
4430,87,78,nan,nan,22
4430,87,92,nan,nan,22
4430,87,42,nan,nan,22
4430,88,99,nan,nan,22
4430,88,65,nan,nan,22
4430,88,4,nan,nan,22
4430,88,62,nan,nan,22
4430,88,75,2,0.1,22
4430,88,5,nan,nan,22
4430,88,38,nan,nan,22
4430,88,93,nan,nan,22
4430,88,99,nan,nan,22
4430,88,23,nan,nan,22
4430,88,50,nan,nan,22
4430,88,68,nan,nan,22
4430,88,90,nan,nan,22
4430,90,83,nan,nan,22
4430,90,99,nan,nan,22
4430,90,74,0,0.5,22
4430,90,42,2,0.1,22
4430,90,83,nan,nan,22
4430,90,90,1,0.25,22
4430,90,83,nan,nan,22
4430,90,11,nan,nan,22
4430,90,42,2,0.1,22
4430,90,80,1,0.25,22
4430,90,85,nan,nan,22
4430,90,34,2,0.1,22
4430,90,80,1,0.25,22
4430,92,81,nan,nan,22
4430,92,50,nan,nan,22
4430,92,80,nan,nan,22
4430,92,13,nan,nan,22
4430,92,33,nan,nan,22
4430,92,96,nan,nan,22
4430,92,37,nan,nan,22
4430,92,86,nan,nan,22
4430,92,97,nan,nan,22
4430,92,12,nan,nan,22
4430,92,73,nan,nan,22
4430,92,96,nan,nan,22
4430,92,6,nan,nan,22
4430,92,75,nan,nan,22
4430,92,33,nan,nan,22
4430,92,67,nan,nan,22
4430,100,26,nan,nan,22
4430,100,25,nan,nan,22
4430,100,25,nan,nan,22
4430,100,49,nan,nan,22
4430,100,31,nan,nan,22
4430,100,19,nan,nan,22
4430,100,50,nan,nan,22
4430,100,97,nan,nan,22
4430,100,31,nan,nan,22
4430,100,13,nan,nan,22
4430,100,65,nan,nan,22
4430,100,30,nan,nan,22
4430,100,8,nan,nan,22
4430,100,75,nan,nan,22
4430,100,79,nan,nan,22
4430,110,98,nan,nan,22
4430,110,14,nan,nan,22
4430,110,2,nan,nan,22
4430,110,58,nan,nan,22
4430,110,51,nan,nan,22
4430,110,65,nan,nan,22
4430,110,74,nan,nan,22
4430,110,82,nan,nan,22
4430,110,23,nan,nan,22
4430,110,65,nan,nan,22
4430,110,2,nan,nan,22
4430,114,51,nan,nan,22
4430,114,82,nan,nan,22
4430,114,10,nan,nan,22
4430,114,28,nan,nan,22
4430,114,75,nan,nan,22
4430,114,6,nan,nan,22
4430,114,6,nan,nan,22
4430,114,66,nan,nan,22
4430,114,6,nan,nan,22
4430,114,6,nan,nan,22
4430,114,41,nan,nan,22
4430,114,45,nan,nan,22
4430,114,9,nan,nan,22
4430,115,24,nan,nan,22
4430,115,18,nan,nan,22
4430,115,98,nan,nan,22
4430,115,69,nan,nan,22
4430,115,16,nan,nan,22
4430,115,98,nan,nan,22
4430,115,18,nan,nan,22
4430,115,39,nan,nan,22
4430,116,68,nan,nan,22
4430,116,6,nan,nan,22
4430,116,53,nan,nan,22
4430,116,42,nan,nan,22
4430,116,19,nan,nan,22
4430,116,87,nan,nan,22
4430,116,9,nan,nan,22
4430,116,78,nan,nan,22
4430,116,98,nan,nan,22
4430,116,51,nan,nan,22
4430,116,65,nan,nan,22
4430,116,61,nan,nan,22
4430,116,51,nan,nan,22
4430,116,78,nan,nan,22
4430,116,14,nan,nan,22
4430,116,43,nan,nan,22
4430,116,60,nan,nan,22
4430,116,51,nan,nan,22
4430,116,95,nan,nan,22
4430,118,12,nan,nan,22
4430,118,61,nan,nan,22
4430,118,6,nan,nan,22
4430,118,74,nan,nan,22
4430,118,51,nan,nan,22
4430,118,44,nan,nan,22
4430,118,4,nan,nan,22
4430,118,65,nan,nan,22
4430,118,0,nan,nan,22
4430,118,26,nan,nan,22
4430,118,59,nan,nan,22
4430,118,14,nan,nan,22
4430,121,82,nan,nan,22
4430,121,7,nan,nan,22
4430,121,47,nan,nan,22
4430,121,93,4,0.05,22
4430,121,68,2,0.1,22
4430,121,77,nan,nan,22
4430,121,49,nan,nan,22
4430,121,90,nan,nan,22
4430,121,15,nan,nan,22
4430,121,98,nan,nan,22
4430,121,12,1,0.25,22
4430,123,34,nan,nan,22
4430,123,90,nan,nan,22
4430,123,90,nan,nan,22
4430,123,26,2,0.1,22
4430,123,74,nan,nan,22
4430,123,16,nan,nan,22
4430,124,34,nan,nan,22
4430,124,4,nan,nan,22
4430,124,58,nan,nan,22
4430,124,48,nan,nan,22
4430,124,90,nan,nan,22
4430,124,63,nan,nan,22
4430,124,71,nan,nan,22
4430,124,58,nan,nan,22
4430,124,90,nan,nan,22
4430,124,3,nan,nan,22
4430,124,22,nan,nan,22
4430,126,87,nan,nan,22
4430,126,54,nan,nan,22
4430,126,3,2,0.1,22
4430,126,37,nan,nan,22
4430,126,41,nan,nan,22
4430,126,22,2,0.1,22
4430,126,90,nan,nan,22
4430,126,98,nan,nan,22
4430,126,3,2,0.1,22
4430,126,10,1,0.25,22
4430,126,22,2,0.1,22
4430,126,71,3,0.25,22
4430,126,37,nan,nan,22
4430,137,12,3,0.25,22
4430,137,40,nan,nan,22
4430,137,0,1,0.25,22
4430,137,44,nan,nan,22
4430,137,52,nan,nan,22
4430,137,0,1,0.25,22
4430,137,72,nan,nan,22
4430,137,60,nan,nan,22
4430,137,8,nan,nan,22
4430,137,87,nan,nan,22
4430,137,80,nan,nan,22
4430,137,52,nan,nan,22
4430,137,69,1,0.25,22
4430,138,19,1,0.25,22
4430,138,21,1,0.25,22
4430,138,74,nan,nan,22
4430,138,7,nan,nan,22
4430,138,53,1,0.25,22
4430,138,80,nan,nan,22
4430,139,83,nan,nan,22
4430,139,2,nan,nan,22
4430,139,32,nan,nan,22
4430,139,7,nan,nan,22
4430,139,36,nan,nan,22
4430,139,51,nan,nan,22
4430,139,35,nan,nan,22
4430,139,7,nan,nan,22
4430,139,79,nan,nan,22
4430,139,87,nan,nan,22
4430,139,62,nan,nan,22
4430,139,42,nan,nan,22
4430,139,6,nan,nan,22
4430,139,57,nan,nan,22
4430,146,96,nan,nan,22
4430,146,65,nan,nan,22
4430,146,48,nan,nan,22
4430,146,54,nan,nan,22
4430,146,54,nan,nan,22
4430,146,67,nan,nan,22
4430,146,42,nan,nan,22
4430,146,75,nan,nan,22
4430,146,38,nan,nan,22
4430,146,49,nan,nan,22
4430,146,38,nan,nan,22
4430,146,36,nan,nan,22
4430,146,11,nan,nan,22
4430,146,42,nan,nan,22
4430,146,37,nan,nan,22
4430,146,11,nan,nan,22
4430,146,90,nan,nan,22
4430,146,1,nan,nan,22
4430,146,38,nan,nan,22
4430,146,31,nan,nan,22
4430,146,46,nan,nan,22
4430,146,31,nan,nan,22
4430,146,27,nan,nan,22
4430,150,24,nan,nan,22
4430,150,31,3,0.25,22
4430,150,52,nan,nan,22
4430,150,95,1,0.25,22
4430,150,12,nan,nan,22
4430,150,31,3,0.25,22
4430,150,8,nan,nan,22
4430,150,34,nan,nan,22
4430,150,76,nan,nan,22
4430,151,25,nan,nan,22
4430,151,48,nan,nan,22
4430,151,41,nan,nan,22
4430,151,24,nan,nan,22
4430,151,13,nan,nan,22
4430,151,74,nan,nan,22
4430,151,97,2,0.1,22
4430,151,99,nan,nan,22
4430,151,74,nan,nan,22
4430,151,29,nan,nan,22
4430,151,19,nan,nan,22
4430,152,40,nan,nan,22
4430,152,95,nan,nan,22
4430,152,8,1,0.25,22
4430,152,71,nan,nan,22
4430,152,7,nan,nan,22
4430,152,54,nan,nan,22
4430,152,25,nan,nan,22
4430,152,58,nan,nan,22
4430,152,72,nan,nan,22
4430,152,31,nan,nan,22
4430,152,69,nan,nan,22
4430,152,56,nan,nan,22
4430,152,54,nan,nan,22
4430,152,1,nan,nan,22
4430,152,69,nan,nan,22
4430,152,41,nan,nan,22
4430,148,0,0,0.5,22
4430,109,11,1,0.25,22
4430,137,12,3,0.25,22
4430,39,15,1,0.25,22
4430,140,19,0,0.5,22
4430,71,35,0,0.5,22
4430,87,44,2,0.1,22
4430,151,47,0,0.5,22
4430,10,53,0,0.5,22
4430,73,61,1,0.25,22
4430,74,61,1,0.25,22
4430,74,81,3,0.25,22
4430,91,74,0,0.5,22
4430,21,75,0,0.5,22
4430,130,81,3,0.25,22
4430,149,87,3,0.5,22
4430,149,87,3,0.5,22
4430,60,95,3,0.5,22
4430,60,95,3,0.5,22
4431,2,84,nan,nan,21
4431,4,2,nan,nan,21
4431,22,81,nan,nan,21
4431,22,42,nan,nan,21
4431,30,75,nan,nan,21
4431,30,16,nan,nan,21
4431,30,12,nan,nan,21
4431,30,69,nan,nan,21
4431,30,71,nan,nan,21
4431,30,91,1,0.25,21
4431,31,74,nan,nan,21
4431,31,20,nan,nan,21
4431,75,66,nan,nan,21
4431,101,14,nan,nan,21
4431,101,49,nan,nan,21
4431,101,13,nan,nan,21
4431,103,77,nan,nan,21
4431,103,41,nan,nan,21
4431,103,37,nan,nan,21
4431,121,80,2,0.1,21
4431,121,16,nan,nan,21
4431,121,47,nan,nan,21
4431,122,87,nan,nan,21
4431,122,66,nan,nan,21
4431,129,17,nan,nan,21
4431,146,80,2,0.1,21
4431,128,22,1,0.25,21
4431,151,28,1,0.25,21
4431,8,29,4,0.47,21
4431,8,14,nan,nan,21
4431,141,29,4,0.47,21
4431,141,14,nan,nan,21
4431,44,31,2,0.1,21
4431,35,39,0,0.5,21
4431,53,39,1,0.25,21
4431,53,96,0,0.5,21
4431,46,55,4,0.41,21
4431,46,60,nan,nan,21
4431,152,60,1,0.25,21
4431,29,61,0,0.5,21
4431,149,61,1,0.25,21
4431,119,65,3,0.33,21
4431,33,66,0,0.5,21
4431,103,80,0,0.5,21
4431,132,85,1,0.25,21
4431,72,90,2,0.1,21
4431,92,90,2,0.1,21
4431,121,99,0,0.5,21
4432,2,55,nan,nan,17
4432,2,84,nan,nan,17
4432,7,60,nan,nan,17
4432,7,66,1,0.25,17
4432,7,40,nan,nan,17
4432,10,26,1,0.25,17
4432,10,45,nan,nan,17
4432,10,97,nan,nan,17
4432,12,90,nan,nan,17
4432,12,64,nan,nan,17
4432,17,16,2,0.1,17
4432,17,95,nan,nan,17
4432,17,12,nan,nan,17
4432,17,89,nan,nan,17
4432,17,31,nan,nan,17
4432,24,88,nan,nan,17
4432,24,12,nan,nan,17
4432,24,99,nan,nan,17
4432,24,13,nan,nan,17
4432,24,99,nan,nan,17
4432,24,59,nan,nan,17
4432,27,4,nan,nan,17
4432,27,71,nan,nan,17
4432,27,75,1,0.25,17
4432,27,46,nan,nan,17
4432,44,80,nan,nan,17
4432,44,72,nan,nan,17
4432,44,61,nan,nan,17
4432,49,37,nan,nan,17
4432,49,28,nan,nan,17
4432,49,68,nan,nan,17
4432,49,25,nan,nan,17
4432,50,23,nan,nan,17
4432,50,0,nan,nan,17
4432,50,83,nan,nan,17
4432,50,22,nan,nan,17
4432,50,54,nan,nan,17
4432,50,63,nan,nan,17
4432,50,8,nan,nan,17
4432,50,1,nan,nan,17
4432,51,99,2,0.1,17
4432,51,68,nan,nan,17
4432,51,42,nan,nan,17
4432,51,50,nan,nan,17
4432,51,81,2,0.1,17
4432,51,37,nan,nan,17
4432,51,15,nan,nan,17
4432,55,65,nan,nan,17
4432,55,93,nan,nan,17
4432,55,1,nan,nan,17
4432,55,81,nan,nan,17
4432,55,53,nan,nan,17
4432,55,59,nan,nan,17
4432,55,42,nan,nan,17
4432,57,23,nan,nan,17
4432,57,46,nan,nan,17
4432,57,80,nan,nan,17
4432,57,65,nan,nan,17
4432,59,73,nan,nan,17
4432,59,43,nan,nan,17
4432,59,37,nan,nan,17
4432,59,75,nan,nan,17
4432,59,33,nan,nan,17
4432,59,71,nan,nan,17
4432,59,33,nan,nan,17
4432,59,35,nan,nan,17
4432,59,8,nan,nan,17
4432,59,37,nan,nan,17
4432,65,14,nan,nan,17
4432,65,89,nan,nan,17
4432,65,50,nan,nan,17
4432,65,96,nan,nan,17
4432,65,33,nan,nan,17
4432,65,49,3,0.25,17
4432,65,33,nan,nan,17
4432,65,27,nan,nan,17
4432,65,28,nan,nan,17
4432,71,98,nan,nan,17
4432,71,62,nan,nan,17
4432,71,37,nan,nan,17
4432,71,93,nan,nan,17
4432,73,32,nan,nan,17
4432,73,68,nan,nan,17
4432,75,81,nan,nan,17
4432,75,94,nan,nan,17
4432,75,42,nan,nan,17
4432,77,85,1,0.25,17
4432,77,15,nan,nan,17
4432,77,73,nan,nan,17
4432,77,7,nan,nan,17
4432,77,99,nan,nan,17
4432,77,8,nan,nan,17
4432,82,81,nan,nan,17
4432,82,53,nan,nan,17
4432,82,91,nan,nan,17
4432,82,12,nan,nan,17
4432,82,60,2,0.1,17
4432,82,75,nan,nan,17
4432,87,42,nan,nan,17
4432,87,32,nan,nan,17
4432,91,94,nan,nan,17
4432,91,4,nan,nan,17
4432,91,96,nan,nan,17
4432,92,37,1,0.25,17
4432,92,90,2,0.1,17
4432,92,37,1,0.25,17
4432,92,80,nan,nan,17
4432,92,30,nan,nan,17
4432,92,54,nan,nan,17
4432,92,75,nan,nan,17
4432,92,68,nan,nan,17
4432,92,49,nan,nan,17
4432,101,97,nan,nan,17
4432,101,59,nan,nan,17
4432,101,92,1,0.25,17
4432,101,8,nan,nan,17
4432,101,54,nan,nan,17
4432,107,83,nan,nan,17
4432,107,53,nan,nan,17
4432,107,84,nan,nan,17
4432,107,55,nan,nan,17
4432,108,80,nan,nan,17
4432,108,23,nan,nan,17
4432,108,91,nan,nan,17
4432,108,30,nan,nan,17
4432,108,2,0,0.5,17
4432,108,42,nan,nan,17
4432,108,2,0,0.5,17
4432,108,68,2,0.1,17
4432,108,59,nan,nan,17
4432,108,76,nan,nan,17
4432,108,76,nan,nan,17
4432,108,77,nan,nan,17
4432,110,22,nan,nan,17
4432,110,15,2,0.1,17
4432,110,90,nan,nan,17
4432,110,68,nan,nan,17
4432,113,20,nan,nan,17
4432,113,66,nan,nan,17
4432,113,65,nan,nan,17
4432,113,65,nan,nan,17
4432,113,91,nan,nan,17
4432,114,9,nan,nan,17
4432,114,18,nan,nan,17
4432,114,17,nan,nan,17
4432,114,6,nan,nan,17
4432,114,6,nan,nan,17
4432,115,27,nan,nan,17
4432,115,59,nan,nan,17
4432,115,84,nan,nan,17
4432,115,14,nan,nan,17
4432,123,81,nan,nan,17
4432,123,70,nan,nan,17
4432,123,1,3,0.25,17
4432,125,16,nan,nan,17
4432,125,66,nan,nan,17
4432,125,69,nan,nan,17
4432,125,98,nan,nan,17
4432,129,99,nan,nan,17
4432,129,41,nan,nan,17
4432,129,71,3,0.25,17
4432,129,68,1,0.25,17
4432,133,66,nan,nan,17
4432,133,50,nan,nan,17
4432,139,82,nan,nan,17
4432,140,94,nan,nan,17
4432,140,7,nan,nan,17
4432,140,80,nan,nan,17
4432,140,29,nan,nan,17
4432,140,69,nan,nan,17
4432,140,85,nan,nan,17
4432,140,95,nan,nan,17
4432,141,80,nan,nan,17
4432,141,41,nan,nan,17
4432,141,72,nan,nan,17
4432,141,28,nan,nan,17
4432,141,72,nan,nan,17
4432,141,57,nan,nan,17
4432,141,92,nan,nan,17
4432,142,1,nan,nan,17
4432,142,37,nan,nan,17
4432,142,11,nan,nan,17
4432,142,61,2,0.1,17
4432,142,55,nan,nan,17
4432,142,57,nan,nan,17
4432,143,66,2,0.1,17
4432,143,47,nan,nan,17
4432,143,80,nan,nan,17
4432,143,42,nan,nan,17
4432,143,41,nan,nan,17
4432,143,80,nan,nan,17
4432,145,11,nan,nan,17
4432,145,69,nan,nan,17
4432,145,11,nan,nan,17
4432,145,39,nan,nan,17
4432,145,2,1,0.25,17
4432,145,38,nan,nan,17
4432,145,71,nan,nan,17
4432,148,12,nan,nan,17
4432,148,90,nan,nan,17
4432,148,75,nan,nan,17
4432,148,48,nan,nan,17
4432,148,81,nan,nan,17
4432,150,71,nan,nan,17
4432,150,39,nan,nan,17
4432,150,30,nan,nan,17
4432,150,83,nan,nan,17
4432,150,24,nan,nan,17
4432,150,56,nan,nan,17
4432,150,25,nan,nan,17
4432,150,39,nan,nan,17
4432,150,24,nan,nan,17
4432,150,99,nan,nan,17
4432,150,83,nan,nan,17
4432,21,2,1,0.25,17
4432,32,3,1,0.25,17
4432,49,6,0,0.5,17
4432,119,7,3,0.5,17
4432,119,7,3,0.5,17
4432,121,10,2,0.1,17
4432,92,12,1,0.25,17
4432,144,12,1,0.25,17
4432,93,13,4,0.08,17
4432,93,94,2,0.1,17
4432,143,23,1,0.25,17
4432,143,98,0,0.5,17
4432,7,29,4,0.47,17
4432,7,14,nan,nan,17
4432,28,32,0,0.5,17
4432,69,33,0,0.5,17
4432,127,33,1,0.25,17
4432,136,36,0,0.5,17
4432,1,41,0,0.5,17
4432,35,42,0,0.5,17
4432,35,74,3,0.33,17
4432,70,44,0,0.5,17
4432,87,49,2,0.1,17
4432,36,50,1,0.25,17
4432,2,58,1,0.25,17
4432,83,65,3,0.5,17
4432,83,65,3,0.5,17
4432,50,70,1,0.25,17
4432,73,81,3,0.25,17
4432,120,81,1,0.25,17
4432,48,90,1,0.25,17
4432,52,95,nan,nan,17
4432,142,97,0,0.5,17
4432,146,99,0,0.5,17
4433,10,28,nan,nan,23
4433,10,9,nan,nan,23
4433,10,21,nan,nan,23
4433,10,14,nan,nan,23
4433,10,21,nan,nan,23
4433,10,77,nan,nan,23
4433,10,32,nan,nan,23
4433,10,62,nan,nan,23
4433,10,82,nan,nan,23
4433,10,5,nan,nan,23
4433,10,94,nan,nan,23
4433,10,62,nan,nan,23
4433,10,98,nan,nan,23
4433,10,99,nan,nan,23
4433,19,74,nan,nan,23
4433,19,90,nan,nan,23
4433,19,42,nan,nan,23
4433,19,96,nan,nan,23
4433,19,80,nan,nan,23
4433,19,16,nan,nan,23
4433,19,47,nan,nan,23
4433,19,23,nan,nan,23
4433,19,16,nan,nan,23
4433,19,67,nan,nan,23
4433,19,8,nan,nan,23
4433,19,84,nan,nan,23
4433,22,16,nan,nan,23
4433,22,16,nan,nan,23
4433,22,41,2,0.1,23
4433,22,1,nan,nan,23
4433,22,9,nan,nan,23
4433,22,37,2,0.1,23
4433,22,55,nan,nan,23
4433,22,97,nan,nan,23
4433,22,12,nan,nan,23
4433,22,71,nan,nan,23
4433,22,14,nan,nan,23
4433,27,66,nan,nan,23
4433,27,40,nan,nan,23
4433,27,43,nan,nan,23
4433,27,73,nan,nan,23
4433,27,66,nan,nan,23
4433,27,11,nan,nan,23
4433,27,68,nan,nan,23
4433,27,80,2,0.1,23
4433,27,17,nan,nan,23
4433,27,78,nan,nan,23
4433,27,42,nan,nan,23
4433,27,68,nan,nan,23
4433,27,37,nan,nan,23
4433,27,30,nan,nan,23
4433,66,68,nan,nan,23
4433,66,18,nan,nan,23
4433,66,71,nan,nan,23
4433,66,57,nan,nan,23
4433,66,87,nan,nan,23
4433,66,87,nan,nan,23
4433,66,87,nan,nan,23
4433,66,22,nan,nan,23
4433,66,92,nan,nan,23
4433,66,61,nan,nan,23
4433,82,92,nan,nan,23
4433,82,71,nan,nan,23
4433,82,29,1,0.25,23
4433,82,39,nan,nan,23
4433,82,81,nan,nan,23
4433,82,6,nan,nan,23
4433,82,7,nan,nan,23
4433,82,71,nan,nan,23
4433,82,66,nan,nan,23
4433,91,66,nan,nan,23
4433,91,99,nan,nan,23
4433,91,54,nan,nan,23
4433,91,69,nan,nan,23
4433,91,7,nan,nan,23
4433,91,88,nan,nan,23
4433,91,94,nan,nan,23
4433,91,9,nan,nan,23
4433,91,50,nan,nan,23
4433,98,33,nan,nan,23
4433,98,96,nan,nan,23
4433,98,99,nan,nan,23
4433,98,28,nan,nan,23
4433,98,24,nan,nan,23
4433,98,41,nan,nan,23
4433,98,90,nan,nan,23
4433,98,25,nan,nan,23
4433,98,5,nan,nan,23
4433,98,38,nan,nan,23
4433,98,63,nan,nan,23
4433,98,93,nan,nan,23
4433,133,29,nan,nan,23
4433,133,11,nan,nan,23
4433,133,45,nan,nan,23
4433,133,99,nan,nan,23
4433,133,43,nan,nan,23
4433,133,11,nan,nan,23
4433,133,43,nan,nan,23
4433,133,8,nan,nan,23
4433,133,99,nan,nan,23
4433,133,48,nan,nan,23
4433,133,50,nan,nan,23
4433,133,68,nan,nan,23
4433,137,7,nan,nan,23
4433,137,60,nan,nan,23
4433,137,60,nan,nan,23
4433,137,60,nan,nan,23
4433,137,81,nan,nan,23
4433,137,81,nan,nan,23
4433,137,11,2,0.1,23
4433,137,50,1,0.25,23
4433,137,19,1,0.25,23
4433,137,56,nan,nan,23
4433,137,73,nan,nan,23
4433,137,58,3,0.25,23
4433,137,66,nan,nan,23
4433,137,54,nan,nan,23
4433,137,56,nan,nan,23
4433,144,39,nan,nan,23
4433,144,80,nan,nan,23
4433,144,64,nan,nan,23
4433,144,42,nan,nan,23
4433,144,21,2,0.1,23
4433,144,80,nan,nan,23
4433,144,83,nan,nan,23
4433,144,31,nan,nan,23
4433,144,91,nan,nan,23
4433,144,41,nan,nan,23
4433,144,51,nan,nan,23
4433,144,96,nan,nan,23
4433,144,96,nan,nan,23
4433,144,96,nan,nan,23
4433,146,90,nan,nan,23
4433,146,55,nan,nan,23
4433,146,96,nan,nan,23
4433,146,77,nan,nan,23
4433,146,34,nan,nan,23
4433,146,96,nan,nan,23
4433,146,67,4,0.5,23
4433,146,80,2,0.1,23
4433,146,81,2,0.1,23
4433,146,90,nan,nan,23
4433,146,67,4,0.5,23
4433,150,66,nan,nan,23
4433,150,8,nan,nan,23
4433,150,31,3,0.25,23
4433,150,8,nan,nan,23
4433,150,8,nan,nan,23
4433,150,21,nan,nan,23
4433,150,10,nan,nan,23
4433,150,70,nan,nan,23
4433,150,74,nan,nan,23
4433,150,84,nan,nan,23
4433,150,73,nan,nan,23
4433,150,24,nan,nan,23
4433,150,30,nan,nan,23
4433,150,90,nan,nan,23
4433,150,31,3,0.25,23
4433,112,1,3,0.25,23
4433,113,1,3,0.25,23
4433,113,36,0,0.5,23
4433,70,2,3,0.25,23
4433,138,12,3,0.25,23
4433,30,29,1,0.25,23
4433,126,33,1,0.25,23
4433,153,34,0,0.5,23
4433,72,35,0,0.5,23
4433,83,42,0,0.5,23
4433,136,42,2,0.1,23
4433,101,52,1,0.25,23
4433,103,52,0,0.5,23
4433,57,53,3,0.25,23
4433,82,65,3,0.5,23
4433,82,65,3,0.5,23
4433,82,65,3,0.5,23
4433,82,65,3,0.5,23
4433,82,65,3,0.5,23
4433,82,65,3,0.5,23
4433,8,66,1,0.25,23
4433,108,68,2,0.1,23
4433,120,87,3,0.25,23
4433,3,94,1,0.25,23
4434,1,44,nan,nan,17
4434,1,61,nan,nan,17
4434,1,95,nan,nan,17
4434,1,95,nan,nan,17
4434,1,76,1,0.25,17
4434,1,44,nan,nan,17
4434,1,61,nan,nan,17
4434,1,36,nan,nan,17
4434,2,56,1,0.25,17
4434,2,97,nan,nan,17
4434,2,60,nan,nan,17
4434,2,84,nan,nan,17
4434,2,80,nan,nan,17
4434,2,55,nan,nan,17
4434,2,12,nan,nan,17
4434,5,89,nan,nan,17
4434,5,65,nan,nan,17
4434,5,59,nan,nan,17
4434,5,65,nan,nan,17
4434,6,81,nan,nan,17
4434,6,76,nan,nan,17
4434,6,6,nan,nan,17
4434,6,87,nan,nan,17
4434,9,21,nan,nan,17
4434,9,68,nan,nan,17
4434,9,18,nan,nan,17
4434,9,21,nan,nan,17
4434,9,45,nan,nan,17
4434,10,99,nan,nan,17
4434,10,63,nan,nan,17
4434,10,50,nan,nan,17
4434,14,14,nan,nan,17
4434,14,0,nan,nan,17
4434,14,80,nan,nan,17
4434,14,5,nan,nan,17
4434,16,77,nan,nan,17
4434,16,55,nan,nan,17
4434,16,87,nan,nan,17
4434,16,13,nan,nan,17
4434,16,57,nan,nan,17
4434,16,47,nan,nan,17
4434,20,68,nan,nan,17
4434,20,58,nan,nan,17
4434,20,74,nan,nan,17
4434,22,68,nan,nan,17
4434,22,58,nan,nan,17
4434,22,99,nan,nan,17
4434,22,16,nan,nan,17
4434,22,90,nan,nan,17
4434,22,90,nan,nan,17
4434,22,6,nan,nan,17
4434,28,66,nan,nan,17
4434,28,66,nan,nan,17
4434,28,66,nan,nan,17
4434,29,17,2,0.1,17
4434,30,80,nan,nan,17
4434,30,13,nan,nan,17
4434,30,85,nan,nan,17
4434,30,80,nan,nan,17
4434,34,20,nan,nan,17
4434,34,7,nan,nan,17
4434,34,47,nan,nan,17
4434,34,31,nan,nan,17
4434,38,69,nan,nan,17
4434,38,80,nan,nan,17
4434,38,57,nan,nan,17
4434,38,85,nan,nan,17
4434,38,9,nan,nan,17
4434,38,92,nan,nan,17
4434,38,92,nan,nan,17
4434,42,36,nan,nan,17
4434,42,38,nan,nan,17
4434,42,38,nan,nan,17
4434,42,60,nan,nan,17
4434,42,40,nan,nan,17
4434,42,6,nan,nan,17
4434,43,90,nan,nan,17
4434,43,0,nan,nan,17
4434,43,8,nan,nan,17
4434,44,89,nan,nan,17
4434,44,39,nan,nan,17
4434,44,48,nan,nan,17
4434,44,35,nan,nan,17
4434,45,53,nan,nan,17
4434,45,95,nan,nan,17
4434,45,54,nan,nan,17
4434,45,42,nan,nan,17
4434,48,8,nan,nan,17
4434,48,25,nan,nan,17
4434,48,25,nan,nan,17
4434,48,79,nan,nan,17
4434,48,2,nan,nan,17
4434,48,8,nan,nan,17
4434,48,22,2,0.1,17
4434,49,8,nan,nan,17
4434,49,17,nan,nan,17
4434,49,61,nan,nan,17
4434,49,54,nan,nan,17
4434,49,12,nan,nan,17
4434,50,9,3,0.25,17
4434,50,3,nan,nan,17
4434,50,95,nan,nan,17
4434,50,9,3,0.25,17
4434,50,95,nan,nan,17
4434,50,76,nan,nan,17
4434,50,80,2,0.1,17
4434,51,8,nan,nan,17
4434,51,8,nan,nan,17
4434,51,81,2,0.1,17
4434,51,8,nan,nan,17
4434,51,4,nan,nan,17
4434,51,84,2,0.1,17
4434,51,29,nan,nan,17
4434,52,62,nan,nan,17
4434,52,51,nan,nan,17
4434,52,85,nan,nan,17
4434,52,95,nan,nan,17
4434,52,16,nan,nan,17
4434,53,67,nan,nan,17
4434,53,59,nan,nan,17
4434,53,65,nan,nan,17
4434,53,10,nan,nan,17
4434,53,71,nan,nan,17
4434,53,87,nan,nan,17
4434,53,83,nan,nan,17
4434,54,61,nan,nan,17
4434,54,8,nan,nan,17
4434,56,12,nan,nan,17
4434,56,22,nan,nan,17
4434,57,2,nan,nan,17
4434,57,2,nan,nan,17
4434,58,94,nan,nan,17
4434,58,2,nan,nan,17
4434,58,83,nan,nan,17
4434,58,60,nan,nan,17
4434,58,72,nan,nan,17
4434,58,53,nan,nan,17
4434,58,35,nan,nan,17
4434,58,18,nan,nan,17
4434,58,72,nan,nan,17
4434,58,82,nan,nan,17
4434,59,42,nan,nan,17
4434,59,44,nan,nan,17
4434,59,85,nan,nan,17
4434,59,36,nan,nan,17
4434,59,30,nan,nan,17
4434,59,11,nan,nan,17
4434,60,14,nan,nan,17
4434,60,81,nan,nan,17
4434,60,25,nan,nan,17
4434,60,15,3,0.33,17
4434,60,54,nan,nan,17
4434,60,95,3,0.5,17
4434,60,10,nan,nan,17
4434,60,95,3,0.5,17
4434,61,66,nan,nan,17
4434,61,21,nan,nan,17
4434,61,83,2,0.1,17
4434,61,82,nan,nan,17
4434,61,97,nan,nan,17
4434,64,27,nan,nan,17
4434,64,54,nan,nan,17
4434,64,41,nan,nan,17
4434,64,71,nan,nan,17
4434,64,6,nan,nan,17
4434,64,27,nan,nan,17
4434,64,20,nan,nan,17
4434,65,27,nan,nan,17
4434,65,68,nan,nan,17
4434,65,80,2,0.1,17
4434,65,65,nan,nan,17
4434,66,61,nan,nan,17
4434,69,12,nan,nan,17
4434,69,89,nan,nan,17
4434,71,29,nan,nan,17
4434,71,44,nan,nan,17
4434,71,10,nan,nan,17
4434,71,48,1,0.25,17
4434,71,12,nan,nan,17
4434,71,44,nan,nan,17
4434,71,3,nan,nan,17
4434,71,90,2,0.1,17
4434,71,3,nan,nan,17
4434,71,12,nan,nan,17
4434,71,80,nan,nan,17
4434,71,47,2,0.1,17
4434,71,31,nan,nan,17
4434,72,28,nan,nan,17
4434,72,16,nan,nan,17
4434,72,57,nan,nan,17
4434,72,90,2,0.1,17
4434,72,22,nan,nan,17
4434,72,90,2,0.1,17
4434,73,16,nan,nan,17
4434,73,67,nan,nan,17
4434,73,3,nan,nan,17
4434,73,39,nan,nan,17
4434,73,1,2,0.1,17
4434,73,15,nan,nan,17
4434,75,22,nan,nan,17
4434,75,81,nan,nan,17
4434,78,12,2,0.1,17
4434,78,93,nan,nan,17
4434,78,71,nan,nan,17
4434,78,98,nan,nan,17
4434,78,68,nan,nan,17
4434,78,43,nan,nan,17
4434,78,14,nan,nan,17
4434,79,71,nan,nan,17
4434,79,61,nan,nan,17
4434,79,29,nan,nan,17
4434,79,37,nan,nan,17
4434,79,44,nan,nan,17
4434,81,29,2,0.1,17
4434,81,5,nan,nan,17
4434,81,78,nan,nan,17
4434,81,48,nan,nan,17
4434,81,72,nan,nan,17
4434,81,58,nan,nan,17
4434,83,86,2,0.1,17
4434,83,3,nan,nan,17
4434,83,59,nan,nan,17
4434,83,52,nan,nan,17
4434,83,80,nan,nan,17
4434,83,8,nan,nan,17
4434,83,88,nan,nan,17
4434,87,99,nan,nan,17
4434,87,26,nan,nan,17
4434,87,44,2,0.1,17
4434,87,92,nan,nan,17
4434,87,96,nan,nan,17
4434,87,88,nan,nan,17
4434,88,54,nan,nan,17
4434,88,47,nan,nan,17
4434,88,62,nan,nan,17
4434,91,30,nan,nan,17
4434,91,68,nan,nan,17
4434,92,33,nan,nan,17
4434,92,42,nan,nan,17
4434,92,39,nan,nan,17
4434,92,51,nan,nan,17
4434,94,11,nan,nan,17
4434,94,97,nan,nan,17
4434,94,98,nan,nan,17
4434,94,90,nan,nan,17
4434,94,86,nan,nan,17
4434,94,7,nan,nan,17
4434,96,28,nan,nan,17
4434,96,38,2,0.1,17
4434,96,94,nan,nan,17
4434,101,94,nan,nan,17
4434,101,98,nan,nan,17
4434,101,96,nan,nan,17
4434,101,16,nan,nan,17
4434,101,83,nan,nan,17
4434,101,32,nan,nan,17
4434,101,98,nan,nan,17
4434,103,41,nan,nan,17
4434,103,87,nan,nan,17
4434,103,8,nan,nan,17
4434,103,24,nan,nan,17
4434,103,8,nan,nan,17
4434,103,84,nan,nan,17
4434,103,35,nan,nan,17
4434,104,82,nan,nan,17
4434,104,68,nan,nan,17
4434,105,99,nan,nan,17
4434,105,54,nan,nan,17
4434,105,54,nan,nan,17
4434,105,84,nan,nan,17
4434,105,56,nan,nan,17
4434,105,84,nan,nan,17
4434,106,84,nan,nan,17
4434,106,0,nan,nan,17
4434,106,44,nan,nan,17
4434,106,55,nan,nan,17
4434,106,55,nan,nan,17
4434,106,48,nan,nan,17
4434,108,44,2,0.1,17
4434,108,94,1,0.25,17
4434,108,54,nan,nan,17
4434,108,1,nan,nan,17
4434,108,65,nan,nan,17
4434,108,6,nan,nan,17
4434,108,39,nan,nan,17
4434,111,45,nan,nan,17
4434,111,95,nan,nan,17
4434,111,80,nan,nan,17
4434,111,31,nan,nan,17
4434,111,42,nan,nan,17
4434,111,57,nan,nan,17
4434,112,82,nan,nan,17
4434,112,19,nan,nan,17
4434,112,14,nan,nan,17
4434,112,15,nan,nan,17
4434,113,41,nan,nan,17
4434,113,21,nan,nan,17
4434,113,36,0,0.5,17
4434,113,94,nan,nan,17
4434,115,66,nan,nan,17
4434,115,88,nan,nan,17
4434,115,14,nan,nan,17
4434,115,14,nan,nan,17
4434,115,98,nan,nan,17
4434,116,1,nan,nan,17
4434,116,57,nan,nan,17
4434,116,44,nan,nan,17
4434,116,27,nan,nan,17
4434,119,3,nan,nan,17
4434,119,61,nan,nan,17
4434,119,47,0,0.5,17
4434,119,5,nan,nan,17
4434,119,26,nan,nan,17
4434,119,79,2,0.1,17
4434,121,89,1,0.25,17
4434,121,47,nan,nan,17
4434,121,97,nan,nan,17
4434,121,27,nan,nan,17
4434,121,98,nan,nan,17
4434,121,44,2,0.1,17
4434,121,60,nan,nan,17
4434,121,89,1,0.25,17
4434,121,89,1,0.25,17
4434,121,14,nan,nan,17
4434,121,16,nan,nan,17
4434,123,75,0,0.5,17
4434,123,12,nan,nan,17
4434,123,70,nan,nan,17
4434,123,56,nan,nan,17
4434,123,16,nan,nan,17
4434,123,21,nan,nan,17
4434,123,13,4,0.08,17
4434,123,94,2,0.1,17
4434,124,24,nan,nan,17
4434,124,78,nan,nan,17
4434,124,13,nan,nan,17
4434,124,64,nan,nan,17
4434,124,51,nan,nan,17
4434,124,44,nan,nan,17
4434,124,97,nan,nan,17
4434,124,44,nan,nan,17
4434,124,3,nan,nan,17
4434,129,41,nan,nan,17
4434,129,60,nan,nan,17
4434,129,68,1,0.25,17
4434,129,29,nan,nan,17
4434,129,27,nan,nan,17
4434,129,99,nan,nan,17
4434,129,93,nan,nan,17
4434,129,45,nan,nan,17
4434,130,66,1,0.25,17
4434,130,71,3,0.25,17
4434,130,71,3,0.25,17
4434,130,68,1,0.25,17
4434,132,5,nan,nan,17
4434,132,37,nan,nan,17
4434,132,43,nan,nan,17
4434,132,59,nan,nan,17
4434,133,86,nan,nan,17
4434,133,29,nan,nan,17
4434,133,66,nan,nan,17
4434,133,75,nan,nan,17
4434,133,61,nan,nan,17
4434,133,23,nan,nan,17
4434,133,17,nan,nan,17
4434,134,68,nan,nan,17
4434,134,12,nan,nan,17
4434,134,75,nan,nan,17
4434,134,99,nan,nan,17
4434,134,63,nan,nan,17
4434,134,48,nan,nan,17
4434,139,85,nan,nan,17
4434,139,15,nan,nan,17
4434,139,7,nan,nan,17
4434,139,64,nan,nan,17
4434,139,67,nan,nan,17
4434,140,42,nan,nan,17
4434,140,80,nan,nan,17
4434,140,6,nan,nan,17
4434,140,23,nan,nan,17
4434,140,48,nan,nan,17
4434,142,51,nan,nan,17
4434,142,44,nan,nan,17
4434,142,22,nan,nan,17
4434,142,86,1,0.25,17
4434,142,15,nan,nan,17
4434,143,14,nan,nan,17
4434,143,86,1,0.25,17
4434,143,7,2,0.1,17
4434,143,39,nan,nan,17
4434,143,42,nan,nan,17
4434,143,80,nan,nan,17
4434,143,71,1,0.25,17
4434,143,96,nan,nan,17
4434,144,72,nan,nan,17
4434,144,39,nan,nan,17
4434,144,23,nan,nan,17
4434,144,80,nan,nan,17
4434,144,64,nan,nan,17
4434,144,80,nan,nan,17
4434,145,42,nan,nan,17
4434,145,27,nan,nan,17
4434,145,6,nan,nan,17
4434,145,60,2,0.1,17
4434,148,1,nan,nan,17
4434,148,31,nan,nan,17
4434,148,56,nan,nan,17
4434,148,94,nan,nan,17
4434,148,94,nan,nan,17
4434,149,37,nan,nan,17
4434,149,35,nan,nan,17
4434,149,12,nan,nan,17
4434,149,94,nan,nan,17
4434,149,17,nan,nan,17
4434,149,8,nan,nan,17
4434,150,85,nan,nan,17
4434,150,21,nan,nan,17
4434,150,17,nan,nan,17
4434,150,38,nan,nan,17
4434,152,40,nan,nan,17
4434,152,31,nan,nan,17
4434,152,34,nan,nan,17
4434,152,81,nan,nan,17
4434,152,52,0,0.5,17
4434,153,27,nan,nan,17
4434,153,60,nan,nan,17
4434,153,99,nan,nan,17
4434,153,74,nan,nan,17
4434,154,14,nan,nan,17
4434,154,74,nan,nan,17
4434,154,62,nan,nan,17
4434,154,83,nan,nan,17
4434,155,12,nan,nan,17
4434,155,93,nan,nan,17
4434,8,4,0,0.5,17
4434,74,8,3,0.25,17
4434,123,8,1,0.25,17
4434,146,19,0,0.5,17
4434,68,22,0,0.5,17
4434,122,24,0,0.5,17
4434,121,29,4,0.47,17
4434,121,14,nan,nan,17
4434,48,34,nan,nan,17
4434,88,35,1,0.25,17
4434,88,81,2,0.1,17
4434,30,37,1,0.25,17
4434,11,38,1,0.25,17
4434,96,38,2,0.1,17
4434,67,42,1,0.25,17
4434,47,57,0,0.5,17
4434,1,58,1,0.25,17
4434,21,65,1,0.25,17
4434,21,75,0,0.5,17
4434,63,66,0,0.5,17
4434,127,71,3,0.25,17
4434,91,74,0,0.5,17
4434,129,81,3,0.25,17
4434,112,87,3,0.33,17
4434,3,94,1,0.25,17
4434,147,99,0,0.5,17
4435,11,85,0,0.5,10
4435,11,22,nan,nan,10
4435,11,18,2,0.1,10
4435,11,51,nan,nan,10
4435,11,41,nan,nan,10
4435,11,39,nan,nan,10
4435,11,18,2,0.1,10
4435,11,6,nan,nan,10
4435,11,20,nan,nan,10
4435,11,18,2,0.1,10
4435,11,61,1,0.25,10
4435,11,32,nan,nan,10
4435,19,66,nan,nan,10
4435,19,90,nan,nan,10
4435,19,47,nan,nan,10
4435,19,48,nan,nan,10
4435,19,47,nan,nan,10
4435,19,49,nan,nan,10
4435,19,27,nan,nan,10
4435,19,90,nan,nan,10
4435,19,68,nan,nan,10
4435,19,16,nan,nan,10
4435,19,47,nan,nan,10
4435,19,44,nan,nan,10
4435,19,61,nan,nan,10
4435,19,34,nan,nan,10
4435,19,43,nan,nan,10
4435,19,42,nan,nan,10
4435,19,57,nan,nan,10
4435,19,16,nan,nan,10
4435,19,76,nan,nan,10
4435,19,80,nan,nan,10
4435,19,67,nan,nan,10
4435,19,90,nan,nan,10
4435,20,2,1,0.25,10
4435,20,91,3,0.25,10
4435,20,12,nan,nan,10
4435,20,16,nan,nan,10
4435,20,81,nan,nan,10
4435,20,44,nan,nan,10
4435,20,44,nan,nan,10
4435,20,12,nan,nan,10
4435,20,58,nan,nan,10
4435,20,77,nan,nan,10
4435,20,68,nan,nan,10
4435,25,61,nan,nan,10
4435,25,28,nan,nan,10
4435,25,66,nan,nan,10
4435,25,95,nan,nan,10
4435,25,37,nan,nan,10
4435,25,93,nan,nan,10
4435,25,99,nan,nan,10
4435,25,88,nan,nan,10
4435,25,70,nan,nan,10
4435,25,66,nan,nan,10
4435,25,51,nan,nan,10
4435,32,75,nan,nan,10
4435,32,0,nan,nan,10
4435,32,52,nan,nan,10
4435,32,74,nan,nan,10
4435,32,56,nan,nan,10
4435,32,7,nan,nan,10
4435,32,0,nan,nan,10
4435,32,7,nan,nan,10
4435,32,0,nan,nan,10
4435,37,83,nan,nan,10
4435,37,80,nan,nan,10
4435,37,42,nan,nan,10
4435,37,96,nan,nan,10
4435,37,20,nan,nan,10
4435,37,69,nan,nan,10
4435,37,40,nan,nan,10
4435,37,54,nan,nan,10
4435,37,62,nan,nan,10
4435,37,94,nan,nan,10
4435,37,4,nan,nan,10
4435,40,5,nan,nan,10
4435,40,20,nan,nan,10
4435,40,48,nan,nan,10
4435,40,25,nan,nan,10
4435,40,7,nan,nan,10
4435,40,39,nan,nan,10
4435,40,35,nan,nan,10
4435,52,34,nan,nan,10
4435,52,59,nan,nan,10
4435,52,74,nan,nan,10
4435,52,32,nan,nan,10
4435,52,5,nan,nan,10
4435,52,44,nan,nan,10
4435,52,32,nan,nan,10
4435,52,59,nan,nan,10
4435,52,80,nan,nan,10
4435,52,68,nan,nan,10
4435,52,89,nan,nan,10
4435,52,32,nan,nan,10
4435,52,99,nan,nan,10
4435,64,34,nan,nan,10
4435,64,56,nan,nan,10
4435,64,33,nan,nan,10
4435,64,84,nan,nan,10
4435,64,80,nan,nan,10
4435,64,11,nan,nan,10
4435,64,49,nan,nan,10
4435,64,33,nan,nan,10
4435,64,80,nan,nan,10
4435,64,9,nan,nan,10
4435,83,82,nan,nan,10
4435,83,66,nan,nan,10
4435,83,0,nan,nan,10
4435,83,75,nan,nan,10
4435,83,34,nan,nan,10
4435,83,44,nan,nan,10
4435,83,75,nan,nan,10
4435,83,0,nan,nan,10
4435,83,74,nan,nan,10
4435,83,58,nan,nan,10
4435,84,29,nan,nan,10
4435,84,7,nan,nan,10
4435,84,75,nan,nan,10
4435,84,95,nan,nan,10
4435,84,60,nan,nan,10
4435,89,99,nan,nan,10
4435,89,28,nan,nan,10
4435,89,85,nan,nan,10
4435,89,8,nan,nan,10
4435,89,28,nan,nan,10
4435,89,86,nan,nan,10
4435,89,62,nan,nan,10
4435,89,47,nan,nan,10
4435,89,78,nan,nan,10
4435,89,66,nan,nan,10
4435,89,80,nan,nan,10
4435,89,83,nan,nan,10
4435,89,92,nan,nan,10
4435,89,42,nan,nan,10
4435,89,10,nan,nan,10
4435,89,80,nan,nan,10
4435,89,96,nan,nan,10
4435,89,62,nan,nan,10
4435,104,97,nan,nan,10
4435,104,12,nan,nan,10
4435,104,83,nan,nan,10
4435,104,13,nan,nan,10
4435,104,8,nan,nan,10
4435,104,99,nan,nan,10
4435,112,83,nan,nan,10
4435,112,71,nan,nan,10
4435,112,71,nan,nan,10
4435,112,63,nan,nan,10
4435,112,29,nan,nan,10
4435,112,10,nan,nan,10
4435,112,20,nan,nan,10
4435,112,65,nan,nan,10
4435,112,65,nan,nan,10
4435,112,42,nan,nan,10
4435,112,54,nan,nan,10
4435,112,26,nan,nan,10
4435,112,68,2,0.1,10
4435,121,76,nan,nan,10
4435,121,89,1,0.25,10
4435,121,1,nan,nan,10
4435,121,71,nan,nan,10
4435,121,50,nan,nan,10
4435,121,16,nan,nan,10
4435,121,45,nan,nan,10
4435,121,2,nan,nan,10
4435,121,89,1,0.25,10
4435,121,89,1,0.25,10
4435,121,52,nan,nan,10
4435,121,86,1,0.25,10
4435,121,87,nan,nan,10
4435,121,59,nan,nan,10
4435,132,37,nan,nan,10
4435,132,57,nan,nan,10
4435,132,81,nan,nan,10
4435,132,43,nan,nan,10
4435,132,76,nan,nan,10
4435,132,37,nan,nan,10
4435,132,17,nan,nan,10
4435,132,17,nan,nan,10
4435,132,66,nan,nan,10
4435,132,66,nan,nan,10
4435,132,34,nan,nan,10
4435,132,80,nan,nan,10
4435,143,81,nan,nan,10
4435,143,22,nan,nan,10
4435,143,53,nan,nan,10
4435,143,83,1,0.25,10
4435,143,72,nan,nan,10
4435,143,63,nan,nan,10
4435,143,56,nan,nan,10
4435,143,26,nan,nan,10
4435,143,46,nan,nan,10
4435,143,80,nan,nan,10
4435,143,83,1,0.25,10
4435,145,40,nan,nan,10
4435,145,39,nan,nan,10
4435,145,98,nan,nan,10
4435,145,60,nan,nan,10
4435,145,96,nan,nan,10
4435,145,8,nan,nan,10
4435,145,31,nan,nan,10
4435,145,33,nan,nan,10
4435,145,31,nan,nan,10
4435,145,9,nan,nan,10
4435,145,28,nan,nan,10
4435,145,87,nan,nan,10
4435,146,60,nan,nan,10
4435,146,1,nan,nan,10
4435,146,50,nan,nan,10
4435,146,72,nan,nan,10
4435,146,57,nan,nan,10
4435,146,90,nan,nan,10
4435,146,11,nan,nan,10
4435,146,6,nan,nan,10
4435,146,52,nan,nan,10
4435,146,11,nan,nan,10
4435,57,4,2,0.1,10
4435,132,6,0,0.5,10
4435,11,11,0,0.5,10
4435,11,53,0,0.5,10
4435,81,21,1,0.25,10
4435,81,67,1,0.25,10
4435,10,29,3,0.5,10
4435,10,86,0,0.5,10
4435,10,29,3,0.5,10
4435,87,37,0,0.5,10
4435,87,37,0,0.5,10
4435,86,40,3,0.25,10
4435,35,42,0,0.5,10
4435,35,61,0,0.5,10
4435,119,42,3,0.5,10
4435,119,42,3,0.5,10
4435,151,47,0,0.5,10
4435,122,51,2,0.1,10
4435,46,57,0,0.5,10
4435,27,63,0,0.5,10
4435,63,65,3,0.25,10
4435,33,66,0,0.5,10
4435,1,77,4,0.31,10
4435,1,24,nan,nan,10
4435,30,79,2,0.1,10
4435,60,85,2,0.1,10
4435,28,87,2,0.1,10
4435,17,90,3,0.25,10
4435,107,90,1,0.25,10
4435,138,94,2,0.1,10
4435,143,98,0,0.5,10
4436,5,76,nan,nan,22
4436,5,12,nan,nan,22
4436,5,28,nan,nan,22
4436,5,6,nan,nan,22
4436,5,2,nan,nan,22
4436,6,65,nan,nan,22
4436,6,9,nan,nan,22
4436,6,2,nan,nan,22
4436,6,23,nan,nan,22
4436,6,6,nan,nan,22
4436,7,17,nan,nan,22
4436,7,67,nan,nan,22
4436,7,81,nan,nan,22
4436,7,82,nan,nan,22
4436,10,32,nan,nan,22
4436,10,16,nan,nan,22
4436,10,21,nan,nan,22
4436,10,82,2,0.1,22
4436,10,72,nan,nan,22
4436,16,74,nan,nan,22
4436,16,38,nan,nan,22
4436,16,8,nan,nan,22
4436,19,90,nan,nan,22
4436,19,68,nan,nan,22
4436,19,47,nan,nan,22
4436,19,16,nan,nan,22
4436,20,16,nan,nan,22
4436,20,16,nan,nan,22
4436,20,99,2,0.1,22
4436,20,94,2,0.1,22
4436,20,80,nan,nan,22
4436,20,58,nan,nan,22
4436,22,54,nan,nan,22
4436,22,3,nan,nan,22
4436,24,93,nan,nan,22
4436,24,63,nan,nan,22
4436,24,36,nan,nan,22
4436,24,71,nan,nan,22
4436,26,8,nan,nan,22
4436,26,68,nan,nan,22
4436,26,99,nan,nan,22
4436,26,68,nan,nan,22
4436,26,77,nan,nan,22
4436,26,99,nan,nan,22
4436,27,37,nan,nan,22
4436,27,95,nan,nan,22
4436,27,75,1,0.25,22
4436,27,68,nan,nan,22
4436,27,75,1,0.25,22
4436,30,68,nan,nan,22
4436,30,29,nan,nan,22
4436,31,75,nan,nan,22
4436,31,0,nan,nan,22
4436,31,12,nan,nan,22
4436,31,43,nan,nan,22
4436,31,56,nan,nan,22
4436,35,57,nan,nan,22
4436,35,81,nan,nan,22
4436,35,89,nan,nan,22
4436,38,92,nan,nan,22
4436,38,1,nan,nan,22
4436,38,27,nan,nan,22
4436,38,96,nan,nan,22
4436,39,5,nan,nan,22
4436,39,11,nan,nan,22
4436,39,69,nan,nan,22
4436,39,8,nan,nan,22
4436,39,65,nan,nan,22
4436,40,11,nan,nan,22
4436,40,44,2,0.1,22
4436,40,45,nan,nan,22
4436,40,86,nan,nan,22
4436,40,27,nan,nan,22
4436,40,11,nan,nan,22
4436,41,78,nan,nan,22
4436,41,26,nan,nan,22
4436,41,77,nan,nan,22
4436,41,11,nan,nan,22
4436,41,65,nan,nan,22
4436,41,93,nan,nan,22
4436,41,11,nan,nan,22
4436,42,75,nan,nan,22
4436,42,44,2,0.1,22
4436,42,31,nan,nan,22
4436,42,73,nan,nan,22
4436,42,82,nan,nan,22
4436,42,38,nan,nan,22
4436,44,36,nan,nan,22
4436,44,31,2,0.1,22
4436,44,74,nan,nan,22
4436,44,39,nan,nan,22
4436,44,3,nan,nan,22
4436,44,36,nan,nan,22
4436,44,42,1,0.25,22
4436,44,72,nan,nan,22
4436,44,61,nan,nan,22
4436,48,98,nan,nan,22
4436,48,5,nan,nan,22
4436,48,31,2,0.1,22
4436,48,71,nan,nan,22
4436,48,19,nan,nan,22
4436,48,10,nan,nan,22
4436,48,18,nan,nan,22
4436,48,71,nan,nan,22
4436,51,50,nan,nan,22
4436,51,60,nan,nan,22
4436,51,31,2,0.1,22
4436,51,52,nan,nan,22
4436,52,8,nan,nan,22
4436,52,97,nan,nan,22
4436,52,18,nan,nan,22
4436,52,48,nan,nan,22
4436,52,51,nan,nan,22
4436,52,65,nan,nan,22
4436,57,7,nan,nan,22
4436,57,61,nan,nan,22
4436,57,2,0,0.5,22
4436,59,20,nan,nan,22
4436,59,34,nan,nan,22
4436,59,56,nan,nan,22
4436,59,56,nan,nan,22
4436,59,7,nan,nan,22
4436,62,60,nan,nan,22
4436,62,41,nan,nan,22
4436,69,25,nan,nan,22
4436,69,3,nan,nan,22
4436,69,6,2,0.1,22
4436,69,81,nan,nan,22
4436,69,48,nan,nan,22
4436,73,3,nan,nan,22
4436,73,90,nan,nan,22
4436,73,85,nan,nan,22
4436,73,55,nan,nan,22
4436,73,92,nan,nan,22
4436,73,90,nan,nan,22
4436,73,3,nan,nan,22
4436,74,41,nan,nan,22
4436,74,94,nan,nan,22
4436,74,41,nan,nan,22
4436,78,50,nan,nan,22
4436,78,5,3,0.25,22
4436,79,71,nan,nan,22
4436,79,99,nan,nan,22
4436,79,43,nan,nan,22
4436,79,43,nan,nan,22
4436,79,75,nan,nan,22
4436,79,68,nan,nan,22
4436,79,66,nan,nan,22
4436,81,68,nan,nan,22
4436,81,66,nan,nan,22
4436,81,80,nan,nan,22
4436,81,68,nan,nan,22
4436,84,72,nan,nan,22
4436,84,90,nan,nan,22
4436,84,49,nan,nan,22
4436,84,51,nan,nan,22
4436,84,52,nan,nan,22
4436,84,7,nan,nan,22
4436,84,45,nan,nan,22
4436,84,56,nan,nan,22
4436,84,0,nan,nan,22
4436,85,12,nan,nan,22
4436,85,75,nan,nan,22
4436,85,70,nan,nan,22
4436,85,0,nan,nan,22
4436,85,52,nan,nan,22
4436,85,24,nan,nan,22
4436,85,84,nan,nan,22
4436,85,15,nan,nan,22
4436,89,66,nan,nan,22
4436,89,11,nan,nan,22
4436,89,85,nan,nan,22
4436,89,75,nan,nan,22
4436,89,85,nan,nan,22
4436,91,69,nan,nan,22
4436,91,34,2,0.1,22
4436,98,50,nan,nan,22
4436,98,31,nan,nan,22
4436,98,20,nan,nan,22
4436,102,64,nan,nan,22
4436,102,90,nan,nan,22
4436,103,68,nan,nan,22
4436,103,93,nan,nan,22
4436,103,32,nan,nan,22
4436,103,66,nan,nan,22
4436,103,1,nan,nan,22
4436,103,8,nan,nan,22
4436,103,32,nan,nan,22
4436,103,79,nan,nan,22
4436,115,80,nan,nan,22
4436,115,9,nan,nan,22
4436,115,98,nan,nan,22
4436,117,34,nan,nan,22
4436,117,93,nan,nan,22
4436,117,77,nan,nan,22
4436,117,54,nan,nan,22
4436,117,50,nan,nan,22
4436,117,62,nan,nan,22
4436,117,25,nan,nan,22
4436,120,82,nan,nan,22
4436,120,16,2,0.1,22
4436,120,13,nan,nan,22
4436,120,20,nan,nan,22
4436,120,54,nan,nan,22
4436,120,37,nan,nan,22
4436,122,54,nan,nan,22
4436,122,68,nan,nan,22
4436,122,91,nan,nan,22
4436,122,16,nan,nan,22
4436,122,44,nan,nan,22
4436,127,4,2,0.1,22
4436,127,63,0,0.5,22
4436,127,9,nan,nan,22
4436,127,11,nan,nan,22
4436,128,37,nan,nan,22
4436,128,90,nan,nan,22
4436,128,66,nan,nan,22
4436,128,66,nan,nan,22
4436,128,72,nan,nan,22
4436,128,93,2,0.1,22
4436,129,99,nan,nan,22
4436,129,99,nan,nan,22
4436,130,98,nan,nan,22
4436,130,34,nan,nan,22
4436,130,71,3,0.25,22
4436,130,77,nan,nan,22
4436,131,55,nan,nan,22
4436,131,21,nan,nan,22
4436,131,87,nan,nan,22
4436,131,38,nan,nan,22
4436,131,53,nan,nan,22
4436,135,75,nan,nan,22
4436,140,66,nan,nan,22
4436,140,57,nan,nan,22
4436,140,61,nan,nan,22
4436,140,48,nan,nan,22
4436,143,96,nan,nan,22
4436,147,65,nan,nan,22
4436,147,40,nan,nan,22
4436,147,11,nan,nan,22
4436,147,11,nan,nan,22
4436,147,54,nan,nan,22
4436,149,79,nan,nan,22
4436,149,89,2,0.1,22
4436,149,65,nan,nan,22
4436,149,44,nan,nan,22
4436,150,54,nan,nan,22
4436,150,37,2,0.1,22
4436,150,24,nan,nan,22
4436,153,30,nan,nan,22
4436,153,69,nan,nan,22
4436,153,36,nan,nan,22
4436,153,89,nan,nan,22
4436,153,27,nan,nan,22
4436,153,21,nan,nan,22
4436,153,80,nan,nan,22
4436,155,77,nan,nan,22
4436,155,61,nan,nan,22
4436,155,81,nan,nan,22
4436,149,0,0,0.5,22
4436,149,15,1,0.25,22
4436,149,61,1,0.25,22
4436,71,1,1,0.25,22
4436,71,4,1,0.25,22
4436,141,1,1,0.25,22
4436,141,29,4,0.47,22
4436,141,14,nan,nan,22
4436,77,5,3,0.25,22
4436,122,24,0,0.5,22
4436,51,34,nan,nan,22
4436,87,37,0,0.5,22
4436,2,41,0,0.5,22
4436,86,42,0,0.5,22
4436,86,68,0,0.5,22
4436,86,68,0,0.5,22
4436,150,42,1,0.25,22
4436,78,44,2,0.1,22
4436,18,53,0,0.5,22
4436,28,55,4,0.41,22
4436,28,69,1,0.25,22
4436,28,60,2,0.1,22
4436,57,55,4,0.41,22
4436,57,60,2,0.1,22
4436,88,57,2,0.1,22
4436,73,64,4,0.25,22
4436,73,24,nan,nan,22
4436,33,69,2,0.1,22
4436,68,82,2,0.1,22
4436,152,83,1,0.25,22
4436,10,86,0,0.5,22
4436,27,98,0,0.5,22
4437,0,69,nan,nan,28
4437,0,40,nan,nan,28
4437,1,73,nan,nan,28
4437,1,71,nan,nan,28
4437,1,30,nan,nan,28
4437,1,74,nan,nan,28
4437,5,25,nan,nan,28
4437,5,2,nan,nan,28
4437,5,67,nan,nan,28
4437,5,59,nan,nan,28
4437,5,23,2,0.1,28
4437,6,10,nan,nan,28
4437,6,91,nan,nan,28
4437,6,90,nan,nan,28
4437,6,17,nan,nan,28
4437,14,87,2,0.1,28
4437,14,96,nan,nan,28
4437,14,25,nan,nan,28
4437,15,54,nan,nan,28
4437,15,84,nan,nan,28
4437,15,16,nan,nan,28
4437,15,66,nan,nan,28
4437,15,1,nan,nan,28
4437,15,37,nan,nan,28
4437,15,87,2,0.1,28
4437,17,10,nan,nan,28
4437,17,98,nan,nan,28
4437,17,77,nan,nan,28
4437,17,87,nan,nan,28
4437,17,75,nan,nan,28
4437,17,90,nan,nan,28
4437,17,56,nan,nan,28
4437,17,57,nan,nan,28
4437,21,12,nan,nan,28
4437,21,44,nan,nan,28
4437,21,72,nan,nan,28
4437,21,58,nan,nan,28
4437,21,99,2,0.1,28
4437,21,37,nan,nan,28
4437,21,20,nan,nan,28
4437,28,68,nan,nan,28
4437,28,95,nan,nan,28
4437,28,29,nan,nan,28
4437,28,17,nan,nan,28
4437,28,3,nan,nan,28
4437,30,8,nan,nan,28
4437,30,54,nan,nan,28
4437,30,45,nan,nan,28
4437,31,12,nan,nan,28
4437,31,7,nan,nan,28
4437,31,92,nan,nan,28
4437,31,1,nan,nan,28
4437,31,0,2,0.1,28
4437,31,0,2,0.1,28
4437,31,60,2,0.1,28
4437,33,92,nan,nan,28
4437,33,92,nan,nan,28
4437,33,12,3,0.25,28
4437,33,51,nan,nan,28
4437,33,12,3,0.25,28
4437,33,70,nan,nan,28
4437,33,7,nan,nan,28
4437,33,15,nan,nan,28
4437,34,5,nan,nan,28
4437,34,48,nan,nan,28
4437,34,71,nan,nan,28
4437,34,7,nan,nan,28
4437,34,34,nan,nan,28
4437,34,19,nan,nan,28
4437,34,80,nan,nan,28
4437,35,80,nan,nan,28
4437,35,73,nan,nan,28
4437,35,83,nan,nan,28
4437,35,32,nan,nan,28
4437,37,85,nan,nan,28
4437,37,70,nan,nan,28
4437,37,54,nan,nan,28
4437,37,85,nan,nan,28
4437,37,99,nan,nan,28
4437,37,54,nan,nan,28
4437,37,57,nan,nan,28
4437,45,71,nan,nan,28
4437,45,31,nan,nan,28
4437,45,34,nan,nan,28
4437,45,0,nan,nan,28
4437,45,24,nan,nan,28
4437,46,41,nan,nan,28
4437,48,80,nan,nan,28
4437,48,32,2,0.1,28
4437,48,31,2,0.1,28
4437,48,39,nan,nan,28
4437,55,69,nan,nan,28
4437,55,15,nan,nan,28
4437,55,59,nan,nan,28
4437,55,41,nan,nan,28
4437,55,71,nan,nan,28
4437,55,65,nan,nan,28
4437,60,63,nan,nan,28
4437,60,19,nan,nan,28
4437,60,93,2,0.1,28
4437,60,34,nan,nan,28
4437,60,40,nan,nan,28
4437,63,32,nan,nan,28
4437,63,40,nan,nan,28
4437,63,2,nan,nan,28
4437,63,42,1,0.25,28
4437,63,67,2,0.1,28
4437,67,80,nan,nan,28
4437,67,61,nan,nan,28
4437,67,97,nan,nan,28
4437,67,87,nan,nan,28
4437,67,61,nan,nan,28
4437,67,43,nan,nan,28
4437,67,25,nan,nan,28
4437,67,61,nan,nan,28
4437,67,18,nan,nan,28
4437,69,45,nan,nan,28
4437,69,66,2,0.1,28
4437,69,61,2,0.1,28
4437,69,90,nan,nan,28
4437,69,56,nan,nan,28
4437,77,71,nan,nan,28
4437,77,97,2,0.1,28
4437,77,32,nan,nan,28
4437,77,60,nan,nan,28
4437,78,46,3,0.25,28
4437,78,43,nan,nan,28
4437,78,68,nan,nan,28
4437,78,5,3,0.25,28
4437,80,71,nan,nan,28
4437,80,71,nan,nan,28
4437,80,32,nan,nan,28
4437,80,17,1,0.25,28
4437,80,22,nan,nan,28
4437,80,34,nan,nan,28
4437,90,69,nan,nan,28
4437,90,96,nan,nan,28
4437,90,45,nan,nan,28
4437,90,79,nan,nan,28
4437,90,30,nan,nan,28
4437,90,69,nan,nan,28
4437,100,95,nan,nan,28
4437,105,70,2,0.1,28
4437,105,61,nan,nan,28
4437,105,94,nan,nan,28
4437,105,34,nan,nan,28
4437,105,58,nan,nan,28
4437,105,84,nan,nan,28
4437,105,46,nan,nan,28
4437,105,54,nan,nan,28
4437,105,40,nan,nan,28
4437,106,24,nan,nan,28
4437,106,71,nan,nan,28
4437,106,14,nan,nan,28
4437,106,12,nan,nan,28
4437,106,68,1,0.25,28
4437,107,45,nan,nan,28
4437,107,4,0,0.5,28
4437,107,15,nan,nan,28
4437,107,53,nan,nan,28
4437,108,91,nan,nan,28
4437,108,2,0,0.5,28
4437,108,51,1,0.25,28
4437,108,59,nan,nan,28
4437,108,34,1,0.25,28
4437,111,36,nan,nan,28
4437,111,80,nan,nan,28
4437,111,18,nan,nan,28
4437,111,70,nan,nan,28
4437,111,24,nan,nan,28
4437,111,57,nan,nan,28
4437,121,27,nan,nan,28
4437,121,90,nan,nan,28
4437,121,72,nan,nan,28
4437,121,47,nan,nan,28
4437,121,19,nan,nan,28
4437,121,29,nan,nan,28
4437,122,99,2,0.1,28
4437,122,24,0,0.5,28
4437,122,11,nan,nan,28
4437,122,81,nan,nan,28
4437,122,9,nan,nan,28
4437,122,16,nan,nan,28
4437,122,68,nan,nan,28
4437,132,68,nan,nan,28
4437,132,75,nan,nan,28
4437,132,17,nan,nan,28
4437,132,18,nan,nan,28
4437,132,71,2,0.1,28
4437,133,17,nan,nan,28
4437,133,29,nan,nan,28
4437,138,66,nan,nan,28
4437,138,15,nan,nan,28
4437,138,66,nan,nan,28
4437,138,12,3,0.25,28
4437,138,56,nan,nan,28
4437,141,27,nan,nan,28
4437,141,85,nan,nan,28
4437,141,95,nan,nan,28
4437,141,15,nan,nan,28
4437,145,51,nan,nan,28
4437,145,18,nan,nan,28
4437,145,54,nan,nan,28
4437,145,68,nan,nan,28
4437,145,80,nan,nan,28
4437,145,11,nan,nan,28
4437,145,18,nan,nan,28
4437,146,11,nan,nan,28
4437,146,9,nan,nan,28
4437,146,28,nan,nan,28
4437,146,30,2,0.1,28
4437,146,69,nan,nan,28
4437,147,94,nan,nan,28
4437,148,87,nan,nan,28
4437,148,38,nan,nan,28
4437,148,96,nan,nan,28
4437,149,94,nan,nan,28
4437,149,8,nan,nan,28
4437,149,66,nan,nan,28
4437,149,60,nan,nan,28
4437,149,94,nan,nan,28
4437,149,6,nan,nan,28
4437,149,31,nan,nan,28
4437,149,68,nan,nan,28
4437,149,46,nan,nan,28
4437,150,24,nan,nan,28
4437,150,82,nan,nan,28
4437,150,25,nan,nan,28
4437,150,50,nan,nan,28
4437,150,90,nan,nan,28
4437,150,8,nan,nan,28
4437,65,5,0,0.5,28
4437,20,11,1,0.25,28
4437,20,42,1,0.25,28
4437,81,12,1,0.25,28
4437,7,15,0,0.5,28
4437,29,17,2,0.1,28
4437,86,26,0,0.5,28
4437,12,31,1,0.25,28
4437,32,33,4,0.14,28
4437,32,55,nan,nan,28
4437,71,35,0,0.5,28
4437,122,39,1,0.25,28
4437,22,42,3,0.33,28
4437,43,45,0,0.5,28
4437,133,61,1,0.25,28
4437,129,65,1,0.25,28
4437,129,68,1,0.25,28
4437,33,66,0,0.5,28
4437,64,66,0,0.5,28
4437,40,68,1,0.25,28
4437,106,68,1,0.25,28
4437,74,71,0,0.5,28
4437,21,75,0,0.5,28
4437,8,82,1,0.25,28
4437,31,86,1,0.25,28
4437,92,90,2,0.1,28
4437,3,95,0,0.5,28
4437,144,95,3,0.5,28
4437,144,95,3,0.5,28
4438,7,63,nan,nan,6
4438,7,50,nan,nan,6
4438,7,29,4,0.47,6
4438,7,13,nan,nan,6
4438,7,86,nan,nan,6
4438,7,29,4,0.47,6
4438,7,57,nan,nan,6
4438,7,12,nan,nan,6
4438,7,1,nan,nan,6
4438,7,39,2,0.1,6
4438,7,53,nan,nan,6
4438,7,90,nan,nan,6
4438,7,14,nan,nan,6
4438,7,14,nan,nan,6
4438,9,90,nan,nan,6
4438,9,37,nan,nan,6
4438,9,14,nan,nan,6
4438,9,37,nan,nan,6
4438,9,5,2,0.1,6
4438,9,63,nan,nan,6
4438,9,21,nan,nan,6
4438,9,61,nan,nan,6
4438,9,21,nan,nan,6
4438,9,35,nan,nan,6
4438,9,42,nan,nan,6
4438,9,94,nan,nan,6
4438,16,15,nan,nan,6
4438,16,40,nan,nan,6
4438,16,99,nan,nan,6
4438,16,47,nan,nan,6
4438,16,89,nan,nan,6
4438,16,54,nan,nan,6
4438,19,16,nan,nan,6
4438,19,94,nan,nan,6
4438,19,58,nan,nan,6
4438,19,47,nan,nan,6
4438,19,47,nan,nan,6
4438,19,37,nan,nan,6
4438,19,16,nan,nan,6
4438,19,34,nan,nan,6
4438,19,90,nan,nan,6
4438,19,80,nan,nan,6
4438,19,58,nan,nan,6
4438,19,90,nan,nan,6
4438,19,64,nan,nan,6
4438,26,99,nan,nan,6
4438,26,99,nan,nan,6
4438,26,20,nan,nan,6
4438,26,25,nan,nan,6
4438,26,80,nan,nan,6
4438,26,44,nan,nan,6
4438,26,68,nan,nan,6
4438,26,43,nan,nan,6
4438,58,99,nan,nan,6
4438,58,71,nan,nan,6
4438,58,2,0,0.5,6
4438,58,18,nan,nan,6
4438,58,45,nan,nan,6
4438,58,68,nan,nan,6
4438,58,23,2,0.1,6
4438,58,53,3,0.25,6
4438,58,2,0,0.5,6
4438,59,18,nan,nan,6
4438,59,65,nan,nan,6
4438,59,10,nan,nan,6
4438,59,18,nan,nan,6
4438,59,56,nan,nan,6
4438,59,70,nan,nan,6
4438,59,68,nan,nan,6
4438,59,64,nan,nan,6
4438,59,46,nan,nan,6
4438,59,50,nan,nan,6
4438,79,55,nan,nan,6
4438,79,43,nan,nan,6
4438,79,43,nan,nan,6
4438,79,49,nan,nan,6
4438,79,27,nan,nan,6
4438,79,61,nan,nan,6
4438,79,12,nan,nan,6
4438,79,68,nan,nan,6
4438,79,5,nan,nan,6
4438,98,50,nan,nan,6
4438,98,37,nan,nan,6
4438,98,83,nan,nan,6
4438,98,24,nan,nan,6
4438,98,25,nan,nan,6
4438,98,25,nan,nan,6
4438,98,86,nan,nan,6
4438,98,58,nan,nan,6
4438,98,75,nan,nan,6
4438,98,63,nan,nan,6
4438,98,85,nan,nan,6
4438,98,56,nan,nan,6
4438,98,50,nan,nan,6
4438,98,65,nan,nan,6
4438,98,15,nan,nan,6
4438,98,76,nan,nan,6
4438,98,90,nan,nan,6
4438,98,8,nan,nan,6
4438,98,25,nan,nan,6
4438,98,5,nan,nan,6
4438,108,56,nan,nan,6
4438,108,35,nan,nan,6
4438,108,59,nan,nan,6
4438,108,24,nan,nan,6
4438,108,59,nan,nan,6
4438,108,11,nan,nan,6
4438,108,53,nan,nan,6
4438,108,65,nan,nan,6
4438,108,76,nan,nan,6
4438,108,38,nan,nan,6
4438,109,60,nan,nan,6
4438,109,65,nan,nan,6
4438,109,58,nan,nan,6
4438,109,94,nan,nan,6
4438,109,15,nan,nan,6
4438,109,65,nan,nan,6
4438,109,34,nan,nan,6
4438,109,9,nan,nan,6
4438,109,16,nan,nan,6
4438,109,44,nan,nan,6
4438,109,20,nan,nan,6
4438,109,23,nan,nan,6
4438,121,87,nan,nan,6
4438,121,15,nan,nan,6
4438,121,32,2,0.1,6
4438,121,68,2,0.1,6
4438,121,42,nan,nan,6
4438,121,90,nan,nan,6
4438,121,90,nan,nan,6
4438,121,58,nan,nan,6
4438,121,81,nan,nan,6
4438,121,87,nan,nan,6
4438,121,27,nan,nan,6
4438,121,47,nan,nan,6
4438,132,71,nan,nan,6
4438,132,99,nan,nan,6
4438,132,17,nan,nan,6
4438,132,77,nan,nan,6
4438,132,68,nan,nan,6
4438,132,17,nan,nan,6
4438,132,95,nan,nan,6
4438,132,68,nan,nan,6
4438,132,88,nan,nan,6
4438,132,68,nan,nan,6
4438,132,83,nan,nan,6
4438,140,57,nan,nan,6
4438,140,28,nan,nan,6
4438,140,85,nan,nan,6
4438,140,78,nan,nan,6
4438,140,82,nan,nan,6
4438,140,92,nan,nan,6
4438,140,21,nan,nan,6
4438,140,83,nan,nan,6
4438,140,85,nan,nan,6
4438,140,80,nan,nan,6
4438,140,95,nan,nan,6
4438,140,34,nan,nan,6
4438,151,26,nan,nan,6
4438,151,97,nan,nan,6
4438,151,97,nan,nan,6
4438,151,24,nan,nan,6
4438,151,81,nan,nan,6
4438,151,8,nan,nan,6
4438,151,99,nan,nan,6
4438,151,67,nan,nan,6
4438,151,8,nan,nan,6
4438,151,39,nan,nan,6
4438,151,8,nan,nan,6
4438,151,56,nan,nan,6
4438,151,96,nan,nan,6
4438,7,4,0,0.5,6
4438,74,8,3,0.25,6
4438,69,19,1,0.25,6
4438,136,20,1,0.25,6
4438,14,26,1,0.25,6
4438,44,26,3,0.25,6
4438,96,34,2,0.1,6
4438,96,38,2,0.1,6
4438,153,34,0,0.5,6
4438,29,37,1,0.25,6
4438,122,37,1,0.25,6
4438,125,37,0,0.5,6
4438,125,37,0,0.5,6
4438,52,41,2,0.1,6
4438,91,51,2,0.1,6
4438,65,54,1,0.25,6
4438,46,57,0,0.5,6
4438,76,59,3,0.33,6
4438,30,61,0,0.5,6
4438,30,66,1,0.25,6
4438,127,63,0,0.5,6
4438,106,68,1,0.25,6
4438,53,71,2,0.1,6
4438,61,75,1,0.25,6
4438,95,82,3,0.25,6
4439,10,71,nan,nan,27
4439,10,55,nan,nan,27
