10049,5,5,nan,nan,20
10049,5,59,nan,nan,20
10049,5,44,2,0.1,20
10049,5,18,nan,nan,20
10049,5,98,nan,nan,20
10049,5,12,nan,nan,20
10049,6,44,nan,nan,20
10049,6,79,nan,nan,20
10049,6,2,nan,nan,20
10049,6,2,nan,nan,20
10049,6,65,nan,nan,20
10049,6,71,nan,nan,20
10049,6,23,nan,nan,20
10049,6,22,nan,nan,20
10049,17,56,nan,nan,20
10049,17,47,nan,nan,20
10049,17,33,1,0.25,20
10049,17,45,1,0.25,20
10049,17,89,nan,nan,20
10049,17,90,3,0.25,20
10049,17,47,nan,nan,20
10049,17,25,nan,nan,20
10049,17,14,nan,nan,20
10049,17,35,nan,nan,20
10049,17,90,3,0.25,20
10049,17,42,nan,nan,20
10049,17,59,1,0.25,20
10049,17,90,3,0.25,20
10049,17,90,3,0.25,20
10049,17,90,3,0.25,20
10049,17,90,3,0.25,20
10049,19,44,nan,nan,20
10049,19,61,nan,nan,20
10049,19,44,nan,nan,20
10049,19,85,nan,nan,20
10049,19,47,nan,nan,20
10049,19,17,nan,nan,20
10049,19,47,nan,nan,20
10049,19,60,nan,nan,20
10049,19,1,nan,nan,20
10049,19,47,nan,nan,20
10049,19,16,nan,nan,20
10049,20,16,nan,nan,20
10049,20,29,4,0.47,20
10049,20,47,nan,nan,20
10049,20,79,nan,nan,20
10049,20,88,nan,nan,20
10049,20,50,2,0.1,20
10049,20,44,nan,nan,20
10049,20,44,nan,nan,20
10049,20,77,nan,nan,20
10049,20,11,1,0.25,20
10049,20,90,nan,nan,20
10049,20,14,nan,nan,20
10049,21,90,nan,nan,20
10049,21,56,nan,nan,20
10049,21,19,nan,nan,20
10049,21,57,1,0.25,20
10049,21,98,nan,nan,20
10049,21,1,nan,nan,20
10049,21,81,nan,nan,20
10049,21,16,nan,nan,20
10049,21,33,nan,nan,20
10049,21,37,nan,nan,20
10049,21,94,2,0.1,20
10049,21,52,nan,nan,20
10049,21,68,nan,nan,20
10049,21,66,nan,nan,20
10049,23,4,2,0.1,20
10049,23,45,nan,nan,20
10049,23,12,nan,nan,20
10049,23,83,nan,nan,20
10049,23,91,nan,nan,20
10049,23,2,nan,nan,20
10049,23,80,2,0.1,20
10049,26,90,nan,nan,20
10049,26,47,nan,nan,20
10049,26,20,nan,nan,20
10049,26,68,nan,nan,20
10049,26,68,nan,nan,20
10049,26,57,nan,nan,20
10049,26,93,nan,nan,20
10049,26,68,nan,nan,20
10049,26,68,nan,nan,20
10049,26,66,nan,nan,20
10049,26,75,nan,nan,20
10049,26,66,nan,nan,20
10049,28,68,nan,nan,20
10049,28,50,nan,nan,20
10049,28,34,nan,nan,20
10049,28,68,nan,nan,20
10049,30,76,nan,nan,20
10049,30,79,2,0.1,20
10049,30,42,1,0.25,20
10049,30,7,2,0.1,20
10049,30,35,2,0.1,20
10049,30,33,nan,nan,20
10049,30,90,2,0.1,20
10049,30,89,1,0.25,20
10049,30,59,nan,nan,20
10049,30,79,2,0.1,20
10049,30,21,nan,nan,20
10049,36,57,nan,nan,20
10049,36,2,nan,nan,20
10049,36,86,nan,nan,20
10049,36,80,nan,nan,20
10049,36,83,nan,nan,20
10049,36,24,nan,nan,20
10049,36,56,nan,nan,20
10049,36,95,2,0.1,20
10049,36,62,nan,nan,20
10049,36,92,nan,nan,20
10049,36,49,nan,nan,20
10049,37,11,nan,nan,20
10049,37,85,nan,nan,20
10049,37,62,nan,nan,20
10049,37,73,nan,nan,20
10049,37,12,nan,nan,20
10049,37,61,nan,nan,20
10049,37,69,nan,nan,20
10049,37,80,nan,nan,20
10049,37,82,nan,nan,20
10049,39,11,nan,nan,20
10049,39,69,nan,nan,20
10049,39,11,nan,nan,20
10049,39,78,nan,nan,20
10049,39,98,nan,nan,20
10049,39,17,nan,nan,20
10049,39,49,nan,nan,20
10049,39,69,nan,nan,20
10049,39,54,nan,nan,20
10049,39,80,nan,nan,20
10049,39,81,nan,nan,20
10049,39,47,nan,nan,20
10049,39,75,nan,nan,20
10049,39,48,nan,nan,20
10049,49,38,nan,nan,20
10049,49,71,nan,nan,20
10049,49,97,nan,nan,20
10049,49,97,nan,nan,20
10049,49,97,nan,nan,20
10049,49,8,nan,nan,20
10049,49,27,nan,nan,20
10049,49,97,nan,nan,20
10049,49,8,nan,nan,20
10049,49,31,2,0.1,20
10049,49,31,2,0.1,20
10049,49,31,2,0.1,20
10049,49,9,nan,nan,20
10049,49,90,1,0.25,20
10049,49,10,nan,nan,20
10049,49,61,nan,nan,20
10049,49,95,2,0.1,20
10049,49,39,nan,nan,20
10049,49,61,nan,nan,20
10049,49,9,nan,nan,20
10049,49,27,nan,nan,20
10049,49,31,2,0.1,20
10049,56,4,nan,nan,20
10049,56,53,nan,nan,20
10049,56,55,nan,nan,20
10049,56,51,nan,nan,20
10049,56,53,nan,nan,20
10049,56,65,nan,nan,20
10049,56,76,nan,nan,20
10049,56,7,nan,nan,20
10049,56,4,nan,nan,20
10049,56,7,nan,nan,20
10049,56,50,nan,nan,20
10049,56,90,nan,nan,20
10049,56,59,nan,nan,20
10049,62,80,nan,nan,20
10049,62,73,nan,nan,20
10049,62,26,nan,nan,20
10049,62,30,nan,nan,20
10049,62,54,nan,nan,20
10049,62,84,nan,nan,20
10049,62,9,nan,nan,20
10049,62,21,nan,nan,20
10049,62,14,nan,nan,20
10049,64,32,nan,nan,20
10049,64,82,nan,nan,20
10049,64,9,nan,nan,20
10049,64,51,1,0.25,20
10049,64,98,2,0.1,20
10049,64,51,1,0.25,20
10049,64,41,nan,nan,20
10049,65,88,nan,nan,20
10049,65,75,nan,nan,20
10049,65,98,nan,nan,20
10049,65,75,nan,nan,20
10049,65,4,nan,nan,20
10049,65,14,nan,nan,20
10049,65,30,nan,nan,20
10049,65,4,nan,nan,20
10049,65,92,nan,nan,20
10049,65,51,nan,nan,20
10049,67,27,nan,nan,20
10049,67,56,nan,nan,20
10049,67,7,nan,nan,20
10049,67,28,nan,nan,20
10049,67,4,nan,nan,20
10049,67,31,nan,nan,20
10049,68,76,nan,nan,20
10049,68,90,nan,nan,20
10049,68,87,nan,nan,20
10049,68,2,nan,nan,20
10049,68,90,nan,nan,20
10049,68,29,nan,nan,20
10049,68,6,nan,nan,20
10049,68,90,nan,nan,20
10049,72,61,2,0.1,20
10049,72,11,2,0.1,20
10049,72,1,1,0.25,20
10049,72,47,2,0.1,20
10049,72,52,nan,nan,20
10049,72,80,nan,nan,20
10049,72,98,nan,nan,20
10049,72,52,nan,nan,20
10049,72,88,nan,nan,20
10049,72,50,nan,nan,20
10049,72,16,nan,nan,20
10049,75,99,1,0.25,20
10049,75,39,nan,nan,20
10049,75,66,nan,nan,20
10049,75,37,nan,nan,20
10049,75,22,nan,nan,20
10049,75,81,nan,nan,20
10049,75,71,nan,nan,20
10049,75,95,nan,nan,20
10049,75,39,nan,nan,20
10049,75,80,nan,nan,20
10049,75,33,nan,nan,20
10049,75,66,nan,nan,20
10049,75,80,nan,nan,20
10049,75,68,nan,nan,20
10049,75,68,nan,nan,20
10049,75,66,nan,nan,20
10049,81,75,nan,nan,20
10049,81,12,1,0.25,20
10049,81,86,nan,nan,20
10049,81,62,nan,nan,20
10049,81,62,nan,nan,20
10049,81,99,nan,nan,20
10049,81,1,3,0.33,20
10049,81,37,nan,nan,20
10049,81,29,2,0.1,20
10049,81,26,nan,nan,20
10049,81,91,nan,nan,20
10049,81,62,nan,nan,20
10049,81,69,nan,nan,20
10049,81,43,2,0.1,20
10049,81,71,nan,nan,20
10049,81,8,nan,nan,20
10049,81,66,nan,nan,20
10049,85,22,nan,nan,20
10049,85,74,nan,nan,20
10049,85,63,nan,nan,20
10049,85,0,nan,nan,20
10049,85,13,nan,nan,20
10049,85,60,nan,nan,20
10049,85,90,nan,nan,20
10049,85,7,nan,nan,20
10049,85,34,nan,nan,20
10049,85,52,nan,nan,20
10049,85,20,nan,nan,20
10049,85,83,nan,nan,20
10049,85,93,nan,nan,20
10049,85,57,nan,nan,20
10049,85,81,nan,nan,20
10049,89,8,nan,nan,20
10049,89,46,nan,nan,20
10049,89,49,nan,nan,20
10049,89,75,nan,nan,20
10049,89,66,nan,nan,20
10049,89,96,nan,nan,20
10049,89,49,nan,nan,20
10049,89,86,nan,nan,20
10049,89,56,nan,nan,20
10049,89,55,nan,nan,20
10049,89,90,nan,nan,20
10049,89,80,nan,nan,20
10049,92,5,nan,nan,20
10049,92,71,nan,nan,20
10049,92,42,nan,nan,20
10049,92,11,2,0.1,20
10049,92,34,nan,nan,20
10049,92,89,nan,nan,20
10049,92,68,nan,nan,20
10049,92,79,nan,nan,20
10049,92,17,nan,nan,20
10049,92,71,nan,nan,20
10049,92,51,nan,nan,20
10049,95,97,nan,nan,20
10049,95,1,nan,nan,20
10049,95,74,nan,nan,20
10049,95,38,nan,nan,20
10049,95,88,nan,nan,20
10049,95,31,nan,nan,20
10049,95,38,nan,nan,20
10049,95,84,nan,nan,20
10049,95,72,nan,nan,20
10049,95,94,nan,nan,20
10049,95,96,nan,nan,20
10049,95,2,nan,nan,20
10049,95,55,nan,nan,20
10049,95,22,nan,nan,20
10049,95,44,nan,nan,20
10049,95,12,nan,nan,20
10049,101,74,nan,nan,20
10049,101,12,nan,nan,20
10049,101,15,nan,nan,20
10049,101,67,0,0.5,20
10049,101,60,nan,nan,20
10049,101,61,nan,nan,20
10049,101,56,nan,nan,20
10049,101,52,1,0.25,20
10049,101,78,nan,nan,20
10049,111,65,nan,nan,20
10049,111,14,nan,nan,20
10049,111,11,nan,nan,20
10049,111,6,nan,nan,20
10049,111,24,nan,nan,20
10049,111,75,nan,nan,20
10049,111,93,nan,nan,20
10049,111,18,nan,nan,20
10049,111,56,nan,nan,20
10049,111,65,nan,nan,20
10049,111,0,nan,nan,20
10049,112,82,nan,nan,20
10049,112,90,nan,nan,20
10049,112,82,nan,nan,20
10049,112,58,nan,nan,20
10049,112,85,nan,nan,20
10049,112,0,nan,nan,20
10049,112,26,nan,nan,20
10049,112,77,nan,nan,20
10049,112,26,nan,nan,20
10049,112,21,nan,nan,20
10049,112,30,nan,nan,20
10049,112,79,nan,nan,20
10049,112,26,nan,nan,20
10049,112,26,nan,nan,20
10049,113,28,nan,nan,20
10049,113,0,nan,nan,20
10049,113,91,nan,nan,20
10049,113,81,nan,nan,20
10049,113,15,nan,nan,20
10049,113,24,nan,nan,20
10049,113,82,nan,nan,20
10049,113,48,nan,nan,20
10049,113,26,nan,nan,20
10049,113,21,nan,nan,20
10049,113,27,nan,nan,20
10049,113,82,nan,nan,20
10049,113,4,nan,nan,20
10049,114,68,nan,nan,20
10049,114,51,nan,nan,20
10049,114,18,nan,nan,20
10049,114,14,nan,nan,20
10049,114,76,nan,nan,20
10049,116,14,nan,nan,20
10049,116,89,nan,nan,20
10049,116,9,nan,nan,20
10049,116,59,nan,nan,20
10049,116,18,nan,nan,20
10049,116,97,nan,nan,20
10049,116,25,nan,nan,20
10049,116,55,nan,nan,20
10049,116,34,nan,nan,20
10049,116,99,nan,nan,20
10049,116,68,nan,nan,20
10049,116,9,nan,nan,20
10049,117,86,nan,nan,20
10049,117,66,nan,nan,20
10049,117,60,nan,nan,20
10049,117,16,nan,nan,20
10049,117,63,nan,nan,20
10049,117,40,nan,nan,20
10049,119,81,1,0.25,20
10049,119,48,nan,nan,20
10049,119,54,nan,nan,20
10049,119,42,3,0.5,20
10049,119,42,3,0.5,20
10049,119,18,nan,nan,20
10049,119,54,nan,nan,20
10049,119,71,nan,nan,20
10049,119,87,nan,nan,20
10049,119,42,3,0.5,20
10049,119,42,3,0.5,20
10049,119,42,3,0.5,20
10049,119,42,3,0.5,20
10049,120,47,nan,nan,20
10049,120,47,nan,nan,20
10049,120,62,nan,nan,20
10049,120,77,nan,nan,20
10049,120,93,nan,nan,20
10049,120,89,nan,nan,20
10049,120,95,nan,nan,20
10049,120,42,nan,nan,20
10049,120,47,nan,nan,20
10049,120,87,nan,nan,20
10049,120,87,nan,nan,20
10049,124,79,nan,nan,20
10049,124,49,nan,nan,20
10049,124,42,nan,nan,20
10049,124,16,nan,nan,20
10049,124,90,nan,nan,20
10049,124,3,nan,nan,20
10049,124,94,nan,nan,20
10049,124,44,nan,nan,20
10049,124,73,nan,nan,20
10049,124,2,nan,nan,20
10049,124,37,nan,nan,20
10049,124,49,nan,nan,20
10049,124,28,nan,nan,20
10049,128,7,nan,nan,20
10049,128,99,nan,nan,20
10049,128,71,nan,nan,20
10049,128,26,nan,nan,20
10049,128,34,nan,nan,20
10049,128,29,nan,nan,20
10049,128,53,nan,nan,20
10049,128,93,nan,nan,20
10049,128,66,nan,nan,20
10049,128,41,nan,nan,20
10049,128,43,nan,nan,20
10049,128,61,nan,nan,20
10049,128,99,nan,nan,20
10049,128,99,nan,nan,20
10049,128,19,nan,nan,20
10049,129,9,nan,nan,20
10049,129,66,1,0.25,20
10049,129,34,nan,nan,20
10049,129,75,nan,nan,20
10049,129,54,3,0.25,20
10049,129,1,nan,nan,20
10049,129,71,3,0.25,20
10049,129,71,3,0.25,20
10049,136,7,1,0.25,20
10049,136,0,nan,nan,20
10049,136,84,nan,nan,20
10049,136,15,nan,nan,20
10049,136,12,1,0.25,20
10049,136,42,2,0.1,20
10049,136,60,nan,nan,20
10049,136,52,nan,nan,20
10049,136,54,nan,nan,20
10049,136,5,nan,nan,20
10049,140,57,nan,nan,20
10049,140,98,nan,nan,20
10049,140,92,nan,nan,20
10049,140,57,nan,nan,20
10049,140,0,nan,nan,20
10049,140,37,nan,nan,20
10049,140,83,nan,nan,20
10049,140,58,nan,nan,20
10049,140,81,nan,nan,20
10049,140,15,1,0.25,20
10049,140,62,nan,nan,20
10049,140,62,nan,nan,20
10049,140,17,2,0.1,20
10049,140,36,nan,nan,20
10049,143,33,nan,nan,20
10049,143,32,nan,nan,20
10049,143,95,nan,nan,20
10049,143,1,nan,nan,20
10049,143,55,nan,nan,20
10049,143,93,nan,nan,20
10049,143,92,nan,nan,20
10049,143,80,nan,nan,20
10049,143,80,nan,nan,20
10049,143,65,nan,nan,20
10049,143,42,nan,nan,20
10049,149,7,2,0.1,20
10049,149,1,nan,nan,20
10049,149,66,nan,nan,20
10049,149,23,nan,nan,20
10049,149,66,nan,nan,20
10049,149,24,nan,nan,20
10049,149,94,nan,nan,20
10049,149,96,nan,nan,20
10049,151,26,nan,nan,20
10049,151,88,nan,nan,20
10049,151,50,nan,nan,20
10049,151,33,nan,nan,20
10049,151,74,nan,nan,20
10049,151,80,nan,nan,20
10049,151,98,nan,nan,20
10049,151,44,nan,nan,20
10049,151,25,nan,nan,20
10049,151,71,nan,nan,20
10049,152,81,nan,nan,20
10049,152,31,nan,nan,20
10049,152,19,nan,nan,20
10049,152,58,nan,nan,20
10049,152,8,nan,nan,20
10049,152,6,nan,nan,20
10049,152,71,nan,nan,20
10049,152,25,nan,nan,20
10049,152,29,nan,nan,20
10049,152,90,nan,nan,20
10049,152,7,nan,nan,20
10049,152,99,nan,nan,20
10049,153,3,2,0.1,20
10049,153,25,nan,nan,20
10049,153,0,nan,nan,20
10049,153,71,nan,nan,20
10049,153,38,nan,nan,20
10049,153,82,nan,nan,20
10049,153,72,nan,nan,20
10049,155,83,nan,nan,20
10049,155,97,nan,nan,20
10049,155,45,nan,nan,20
10049,155,40,nan,nan,20
10049,155,80,nan,nan,20
10049,155,37,nan,nan,20
10049,155,80,nan,nan,20
10049,155,53,nan,nan,20
10049,155,5,nan,nan,20
10049,155,84,nan,nan,20
10049,155,82,nan,nan,20
10049,155,82,nan,nan,20
10049,155,46,nan,nan,20
10049,155,8,nan,nan,20
10049,155,31,nan,nan,20
10049,70,2,3,0.25,20
10049,70,19,1,0.25,20
10049,145,10,0,0.5,20
10049,81,11,3,0.33,20
10049,129,24,1,0.25,20
10049,7,29,4,0.47,20
10049,7,14,nan,nan,20
10049,141,29,4,0.47,20
10049,141,14,nan,nan,20
10049,77,34,0,0.5,20
10049,104,34,nan,nan,20
10049,153,34,0,0.5,20
10049,155,34,nan,nan,20
10049,136,36,0,0.5,20
10049,45,42,1,0.25,20
10049,130,51,3,0.5,20
10049,130,51,3,0.5,20
10049,75,53,1,0.25,20
10049,35,61,0,0.5,20
10049,46,63,0,0.5,20
10049,22,67,4,0.5,20
10049,22,67,4,0.5,20
10049,63,73,1,0.25,20
10049,63,99,1,0.25,20
10049,132,83,3,0.5,20
10049,132,83,3,0.5,20
10049,78,85,1,0.25,20
10049,11,86,0,0.5,20
10049,21,96,1,0.25,20
10050,0,48,nan,nan,15
10050,0,78,nan,nan,15
10050,0,95,nan,nan,15
10050,0,84,nan,nan,15
10050,0,10,nan,nan,15
10050,1,17,nan,nan,15
10050,1,65,nan,nan,15
10050,1,90,nan,nan,15
10050,1,84,nan,nan,15
10050,1,84,nan,nan,15
10050,1,5,nan,nan,15
10050,5,76,nan,nan,15
10050,5,65,nan,nan,15
10050,5,24,nan,nan,15
10050,5,76,nan,nan,15
10050,5,65,nan,nan,15
10050,9,81,nan,nan,15
10050,9,81,nan,nan,15
10050,9,82,nan,nan,15
10050,15,64,nan,nan,15
10050,15,61,nan,nan,15
10050,15,81,nan,nan,15
10050,15,88,nan,nan,15
10050,17,76,1,0.25,15
10050,17,89,nan,nan,15
10050,17,18,nan,nan,15
10050,17,99,nan,nan,15
10050,17,92,nan,nan,15
10050,17,90,3,0.25,15
10050,19,44,nan,nan,15
10050,19,86,nan,nan,15
10050,19,16,nan,nan,15
10050,19,89,nan,nan,15
10050,19,5,nan,nan,15
10050,21,34,nan,nan,15
10050,21,3,nan,nan,15
10050,21,30,nan,nan,15
10050,21,71,nan,nan,15
10050,27,68,nan,nan,15
10050,27,13,nan,nan,15
10050,27,63,nan,nan,15
10050,27,31,nan,nan,15
10050,30,68,nan,nan,15
10050,30,91,1,0.25,15
10050,30,18,nan,nan,15
10050,30,99,nan,nan,15
10050,30,95,1,0.25,15
10050,37,98,nan,nan,15
10050,37,34,nan,nan,15
10050,37,62,nan,nan,15
10050,37,57,nan,nan,15
10050,37,28,nan,nan,15
10050,37,83,nan,nan,15
10050,40,10,nan,nan,15
10050,40,33,nan,nan,15
10050,40,21,2,0.1,15
10050,40,17,nan,nan,15
10050,40,99,nan,nan,15
10050,40,42,nan,nan,15
10050,45,32,2,0.1,15
10050,45,31,2,0.1,15
10050,45,44,nan,nan,15
10050,45,31,2,0.1,15
10050,45,15,nan,nan,15
10050,55,64,nan,nan,15
10050,55,44,nan,nan,15
10050,55,44,nan,nan,15
10050,55,41,nan,nan,15
10050,55,98,nan,nan,15
10050,55,19,nan,nan,15
10050,55,0,nan,nan,15
10050,55,24,nan,nan,15
10050,55,37,nan,nan,15
10050,60,98,3,0.25,15
10050,60,84,nan,nan,15
10050,60,49,nan,nan,15
10050,60,21,nan,nan,15
10050,63,75,nan,nan,15
10050,63,33,nan,nan,15
10050,63,41,nan,nan,15
10050,63,75,nan,nan,15
10050,66,17,nan,nan,15
10050,66,16,nan,nan,15
10050,66,54,nan,nan,15
10050,66,96,nan,nan,15
10050,66,86,nan,nan,15
10050,66,93,nan,nan,15
10050,73,36,nan,nan,15
10050,73,9,2,0.1,15
10050,73,61,1,0.25,15
10050,73,58,nan,nan,15
10050,73,90,nan,nan,15
10050,73,81,3,0.25,15
10050,73,36,nan,nan,15
10050,73,71,0,0.5,15
10050,77,66,nan,nan,15
10050,77,51,nan,nan,15
10050,77,37,nan,nan,15
10050,77,34,nan,nan,15
10050,77,66,nan,nan,15
10050,77,37,nan,nan,15
10050,77,68,nan,nan,15
10050,79,37,nan,nan,15
10050,79,66,nan,nan,15
10050,79,71,nan,nan,15
10050,79,37,nan,nan,15
10050,79,37,nan,nan,15
10050,79,91,nan,nan,15
10050,79,99,nan,nan,15
10050,81,17,nan,nan,15
10050,81,17,nan,nan,15
10050,81,91,nan,nan,15
10050,81,73,nan,nan,15
10050,81,73,nan,nan,15
10050,82,87,nan,nan,15
10050,82,37,nan,nan,15
10050,82,61,nan,nan,15
10050,83,93,nan,nan,15
10050,83,56,nan,nan,15
10050,83,7,nan,nan,15
10050,83,98,nan,nan,15
10050,83,16,nan,nan,15
10050,83,66,nan,nan,15
10050,84,52,nan,nan,15
10050,84,15,nan,nan,15
10050,84,84,nan,nan,15
10050,84,65,nan,nan,15
10050,87,57,2,0.1,15
10050,87,37,0,0.5,15
10050,87,6,nan,nan,15
10050,87,7,nan,nan,15
10050,87,92,nan,nan,15
10050,87,56,nan,nan,15
10050,87,68,nan,nan,15
10050,87,71,nan,nan,15
10050,87,92,nan,nan,15
10050,92,63,nan,nan,15
10050,92,37,1,0.25,15
10050,92,39,nan,nan,15
10050,101,81,nan,nan,15
10050,110,2,nan,nan,15
10050,110,65,nan,nan,15
10050,110,76,nan,nan,15
10050,110,16,nan,nan,15
10050,110,31,nan,nan,15
10050,116,56,nan,nan,15
10050,116,14,nan,nan,15
10050,116,87,nan,nan,15
10050,116,54,nan,nan,15
10050,116,18,nan,nan,15
10050,121,16,nan,nan,15
10050,121,99,0,0.5,15
10050,121,96,nan,nan,15
10050,121,3,nan,nan,15
10050,122,87,nan,nan,15
10050,122,47,nan,nan,15
10050,122,90,nan,nan,15
10050,122,3,nan,nan,15
10050,122,90,nan,nan,15
10050,122,87,nan,nan,15
10050,122,91,nan,nan,15
10050,122,71,nan,nan,15
10050,124,17,nan,nan,15
10050,124,90,nan,nan,15
10050,124,80,nan,nan,15
10050,126,34,nan,nan,15
10050,128,68,nan,nan,15
10050,128,15,2,0.1,15
10050,132,37,nan,nan,15
10050,132,85,nan,nan,15
10050,133,56,nan,nan,15
10050,133,90,nan,nan,15
10050,133,91,nan,nan,15
10050,133,61,nan,nan,15
10050,133,37,nan,nan,15
10050,134,52,nan,nan,15
10050,134,22,nan,nan,15
10050,134,66,nan,nan,15
10050,134,31,nan,nan,15
10050,134,66,nan,nan,15
10050,142,96,nan,nan,15
10050,142,66,2,0.1,15
10050,142,96,nan,nan,15
10050,142,92,nan,nan,15
10050,142,47,nan,nan,15
10050,142,69,nan,nan,15
10050,143,14,nan,nan,15
10050,143,12,nan,nan,15
10050,143,57,nan,nan,15
10050,143,98,0,0.5,15
10050,144,24,nan,nan,15
10050,144,4,nan,nan,15
10050,144,62,nan,nan,15
10050,144,8,nan,nan,15
10050,144,39,nan,nan,15
10050,147,15,nan,nan,15
10050,147,94,nan,nan,15
10050,147,99,nan,nan,15
10050,147,11,nan,nan,15
10050,151,33,nan,nan,15
10050,151,41,nan,nan,15
10050,153,33,nan,nan,15
10050,153,18,nan,nan,15
10050,153,84,nan,nan,15
10050,153,1,2,0.1,15
10050,155,80,nan,nan,15
10050,155,61,nan,nan,15
10050,155,10,nan,nan,15
10050,155,93,nan,nan,15
10050,155,99,nan,nan,15
10050,155,68,nan,nan,15
10050,155,98,nan,nan,15
10050,155,16,nan,nan,15
10050,155,28,nan,nan,15
10050,155,72,nan,nan,15
10050,155,35,nan,nan,15
10050,155,84,nan,nan,15
10050,57,2,0,0.5,15
10050,87,10,0,0.5,15
10050,10,11,0,0.5,15
10050,80,16,1,0.25,15
10050,81,18,2,0.1,15
10050,58,19,1,0.25,15
10050,44,42,1,0.25,15
10050,44,90,2,0.1,15
10050,48,47,2,0.1,15
10050,5,60,1,0.25,15
10050,151,60,1,0.25,15
10050,63,66,0,0.5,15
10050,74,71,0,0.5,15
10050,143,71,1,0.25,15
10050,105,77,4,0.31,15
10050,105,24,nan,nan,15
10050,120,81,1,0.25,15
10050,121,86,1,0.25,15
10050,141,88,3,0.5,15
10050,141,88,3,0.5,15
10050,35,90,2,0.1,15
10050,136,90,1,0.25,15
10050,30,91,1,0.25,15
10050,3,95,0,0.5,15
10050,142,98,0,0.5,15
10051,8,94,1,0.25,4
10051,8,18,nan,nan,4
10051,8,82,1,0.25,4
10051,8,38,nan,nan,4
10051,53,2,nan,nan,4
10051,53,8,nan,nan,4
10051,53,13,nan,nan,4
10051,53,2,nan,nan,4
10051,53,2,nan,nan,4
10051,55,59,nan,nan,4
10051,55,65,nan,nan,4
10051,55,97,nan,nan,4
10051,55,55,nan,nan,4
10051,57,65,nan,nan,4
10051,57,65,nan,nan,4
10051,64,74,nan,nan,4
10051,64,87,nan,nan,4
10051,64,9,nan,nan,4
10051,64,27,nan,nan,4
10051,73,80,nan,nan,4
10051,79,39,nan,nan,4
10051,79,69,nan,nan,4
10051,79,21,nan,nan,4
10051,79,44,nan,nan,4
10051,79,75,nan,nan,4
10051,80,6,nan,nan,4
10051,80,15,nan,nan,4
10051,80,37,nan,nan,4
10051,80,5,2,0.1,4
10051,80,7,nan,nan,4
10051,80,37,nan,nan,4
10051,92,63,nan,nan,4
10051,92,80,nan,nan,4
10051,92,4,nan,nan,4
10051,92,95,nan,nan,4
10051,93,28,nan,nan,4
10051,93,11,2,0.1,4
10051,93,39,nan,nan,4
10051,101,16,nan,nan,4
10051,101,84,1,0.25,4
10051,101,8,nan,nan,4
10051,101,81,nan,nan,4
10051,101,42,nan,nan,4
10051,101,76,1,0.25,4
10051,101,13,nan,nan,4
10051,106,97,nan,nan,4
10051,106,90,1,0.25,4
10051,106,11,nan,nan,4
10051,119,26,nan,nan,4
10051,122,94,2,0.1,4
10051,122,16,nan,nan,4
10051,125,40,nan,nan,4
10051,125,81,nan,nan,4
10051,125,97,nan,nan,4
10051,125,68,nan,nan,4
10051,125,60,nan,nan,4
10051,151,37,nan,nan,4
10051,151,71,nan,nan,4
10051,151,74,nan,nan,4
10051,151,90,nan,nan,4
10051,151,31,nan,nan,4
10051,105,6,0,0.5,4
10051,119,7,3,0.5,4
10051,119,42,3,0.5,4
10051,119,7,3,0.5,4
10051,119,42,3,0.5,4
10051,140,12,2,0.1,4
10051,8,15,0,0.5,4
10051,132,25,0,0.5,4
10051,133,25,0,0.5,4
10051,133,82,0,0.5,4
10051,123,26,2,0.1,4
10051,72,27,4,0.39,4
10051,72,4,1,0.25,4
10051,7,30,1,0.25,4
10051,17,33,1,0.25,4
10051,78,34,0,0.5,4
10051,136,36,0,0.5,4
10051,64,37,2,0.1,4
10051,35,42,0,0.5,4
10051,35,61,0,0.5,4
10051,92,43,2,0.1,4
10051,112,46,3,0.5,4
10051,112,46,3,0.5,4
10051,77,53,3,0.33,4
10051,51,59,2,0.1,4
10051,10,61,1,0.25,4
10051,22,65,0,0.5,4
10051,71,66,2,0.1,4
10051,80,81,2,0.1,4
10051,120,81,1,0.25,4
10051,147,81,2,0.1,4
10051,60,95,3,0.5,4
10051,60,95,3,0.5,4
10051,61,95,3,0.5,4
10051,61,95,3,0.5,4
10051,145,95,3,0.5,4
10051,145,95,3,0.5,4
10052,0,37,nan,nan,3
10052,0,74,nan,nan,3
10052,5,23,2,0.1,3
10052,5,90,nan,nan,3
10052,5,65,nan,nan,3
10052,5,2,nan,nan,3
10052,5,65,nan,nan,3
10052,5,59,nan,nan,3
10052,5,37,nan,nan,3
10052,7,15,nan,nan,3
10052,7,22,nan,nan,3
10052,7,63,nan,nan,3
10052,7,65,nan,nan,3
10052,8,82,nan,nan,3
10052,8,84,nan,nan,3
10052,8,52,nan,nan,3
10052,8,47,nan,nan,3
10052,8,99,nan,nan,3
10052,8,37,nan,nan,3
10052,10,8,nan,nan,3
10052,10,54,nan,nan,3
10052,10,43,nan,nan,3
10052,10,5,nan,nan,3
10052,10,21,nan,nan,3
10052,10,21,nan,nan,3
10052,10,90,nan,nan,3
10052,10,26,1,0.25,3
10052,10,52,nan,nan,3
10052,10,6,nan,nan,3
10052,10,41,nan,nan,3
10052,10,41,nan,nan,3
10052,10,14,nan,nan,3
10052,11,9,nan,nan,3
10052,11,17,nan,nan,3
10052,11,6,nan,nan,3
10052,11,58,nan,nan,3
10052,11,56,1,0.25,3
10052,13,14,nan,nan,3
10052,13,25,nan,nan,3
10052,13,87,nan,nan,3
10052,13,42,nan,nan,3
10052,13,35,nan,nan,3
10052,13,67,nan,nan,3
10052,15,34,nan,nan,3
10052,15,37,nan,nan,3
10052,15,18,1,0.25,3
10052,17,88,nan,nan,3
10052,17,42,nan,nan,3
10052,17,81,nan,nan,3
10052,17,6,nan,nan,3
10052,17,68,nan,nan,3
10052,17,25,nan,nan,3
10052,18,1,nan,nan,3
10052,18,44,nan,nan,3
10052,18,21,nan,nan,3
10052,18,16,2,0.1,3
10052,18,44,nan,nan,3
10052,24,68,nan,nan,3
10052,24,36,nan,nan,3
10052,24,34,nan,nan,3
10052,25,66,nan,nan,3
10052,25,98,nan,nan,3
10052,25,72,nan,nan,3
10052,25,26,nan,nan,3
10052,25,88,nan,nan,3
10052,25,93,nan,nan,3
10052,25,9,nan,nan,3
10052,26,87,nan,nan,3
10052,26,73,nan,nan,3
10052,26,40,nan,nan,3
10052,26,71,nan,nan,3
10052,28,31,nan,nan,3
10052,28,56,nan,nan,3
10052,28,75,nan,nan,3
10052,28,26,nan,nan,3
10052,35,7,nan,nan,3
10052,35,93,nan,nan,3
10052,35,62,nan,nan,3
10052,35,46,nan,nan,3
10052,35,27,nan,nan,3
10052,36,83,nan,nan,3
10052,36,62,nan,nan,3
10052,39,73,nan,nan,3
10052,39,34,2,0.1,3
10052,39,41,nan,nan,3
10052,39,37,3,0.25,3
10052,41,54,nan,nan,3
10052,41,99,nan,nan,3
10052,41,3,nan,nan,3
10052,41,96,nan,nan,3
10052,46,24,nan,nan,3
10052,46,25,3,0.25,3
10052,46,37,2,0.1,3
10052,46,91,nan,nan,3
10052,63,33,nan,nan,3
10052,63,41,nan,nan,3
10052,63,27,nan,nan,3
10052,63,27,nan,nan,3
10052,70,25,nan,nan,3
10052,70,90,nan,nan,3
10052,70,96,nan,nan,3
10052,70,90,nan,nan,3
10052,84,75,nan,nan,3
10052,84,28,nan,nan,3
10052,84,65,nan,nan,3
10052,84,2,nan,nan,3
10052,84,30,nan,nan,3
10052,85,81,nan,nan,3
10052,85,19,nan,nan,3
10052,85,7,nan,nan,3
10052,95,11,nan,nan,3
10052,95,90,1,0.25,3
10052,95,21,nan,nan,3
10052,95,22,1,0.25,3
10052,95,2,nan,nan,3
10052,95,94,nan,nan,3
10052,95,71,nan,nan,3
10052,99,53,nan,nan,3
10052,99,24,nan,nan,3
10052,105,89,nan,nan,3
10052,105,33,nan,nan,3
10052,105,8,nan,nan,3
10052,109,44,2,0.1,3
10052,109,23,nan,nan,3
10052,109,2,nan,nan,3
10052,109,96,2,0.1,3
10052,109,2,nan,nan,3
10052,109,65,nan,nan,3
10052,109,33,nan,nan,3
10052,109,23,nan,nan,3
10052,114,51,nan,nan,3
10052,114,32,nan,nan,3
10052,114,67,nan,nan,3
10052,114,9,nan,nan,3
10052,115,27,nan,nan,3
10052,115,51,nan,nan,3
10052,115,9,nan,nan,3
10052,115,39,nan,nan,3
10052,115,33,nan,nan,3
10052,132,66,nan,nan,3
10052,132,91,nan,nan,3
10052,132,75,nan,nan,3
10052,132,68,nan,nan,3
10052,132,63,nan,nan,3
10052,134,44,nan,nan,3
10052,134,1,nan,nan,3
10052,134,99,nan,nan,3
10052,136,25,nan,nan,3
10052,136,7,nan,nan,3
10052,136,84,nan,nan,3
10052,136,44,nan,nan,3
10052,136,92,nan,nan,3
10052,136,75,nan,nan,3
10052,138,85,nan,nan,3
10052,138,57,nan,nan,3
10052,138,68,nan,nan,3
10052,138,79,nan,nan,3
10052,144,32,nan,nan,3
10052,144,42,nan,nan,3
10052,144,31,nan,nan,3
10052,144,91,nan,nan,3
10052,147,0,nan,nan,3
10052,147,96,nan,nan,3
10052,147,79,2,0.1,3
10052,147,30,2,0.1,3
10052,72,1,1,0.25,3
10052,10,11,0,0.5,3
10052,81,11,3,0.33,3
10052,141,51,1,0.25,3
10052,102,52,0,0.5,3
10052,152,52,0,0.5,3
10052,2,56,1,0.25,3
10052,5,57,3,0.5,3
10052,5,80,2,0.1,3
10052,5,57,3,0.5,3
10052,30,61,0,0.5,3
10052,121,65,0,0.5,3
10052,63,66,0,0.5,3
10052,0,88,nan,nan,3
10052,112,90,3,0.25,3
10052,4,95,0,0.5,3
10052,144,95,3,0.5,3
10052,144,95,3,0.5,3
10052,153,99,0,0.5,3
10053,22,0,nan,nan,0
10053,22,9,nan,nan,0
10053,22,81,nan,nan,0
10053,22,16,nan,nan,0
10053,22,61,nan,nan,0
10053,44,28,nan,nan,0
10053,44,43,nan,nan,0
10053,44,12,nan,nan,0
10053,44,83,nan,nan,0
10053,44,96,nan,nan,0
10053,68,29,nan,nan,0
10053,68,89,nan,nan,0
10053,68,33,nan,nan,0
10053,68,66,nan,nan,0
10053,76,67,nan,nan,0
10053,76,71,nan,nan,0
10053,76,15,nan,nan,0
10053,76,99,1,0.25,0
10053,76,35,nan,nan,0
10053,79,66,nan,nan,0
10053,79,12,nan,nan,0
10053,79,68,nan,nan,0
10053,79,30,nan,nan,0
10053,86,81,nan,nan,0
10053,86,57,nan,nan,0
10053,90,42,2,0.1,0
10053,90,12,nan,nan,0
10053,90,57,nan,nan,0
10053,90,81,nan,nan,0
10053,107,72,nan,nan,0
10053,107,6,nan,nan,0
10053,107,28,1,0.25,0
10053,108,77,nan,nan,0
10053,108,55,nan,nan,0
10053,108,28,nan,nan,0
10053,108,34,1,0.25,0
10053,108,56,nan,nan,0
10053,108,65,nan,nan,0
10053,108,66,nan,nan,0
10053,108,55,nan,nan,0
10053,108,2,0,0.5,0
10053,108,59,nan,nan,0
10053,108,43,nan,nan,0
10053,108,80,nan,nan,0
10053,108,1,nan,nan,0
10053,119,45,nan,nan,0
10053,119,3,nan,nan,0
10053,124,17,nan,nan,0
10053,124,94,nan,nan,0
10053,124,95,nan,nan,0
10053,124,81,nan,nan,0
10053,124,44,nan,nan,0
10053,124,3,nan,nan,0
10053,124,22,nan,nan,0
10053,132,75,nan,nan,0
10053,132,43,nan,nan,0
10053,132,81,nan,nan,0
10053,132,87,2,0.1,0
10053,132,66,nan,nan,0
10053,132,14,nan,nan,0
10053,132,68,nan,nan,0
10053,132,66,nan,nan,0
10053,135,52,nan,nan,0
10053,135,64,nan,nan,0
10053,135,0,nan,nan,0
10053,135,44,nan,nan,0
10053,135,34,nan,nan,0
10053,135,12,nan,nan,0
10053,142,42,nan,nan,0
10053,142,87,nan,nan,0
10053,142,96,nan,nan,0
10053,142,69,nan,nan,0
10053,33,1,0,0.5,0
10053,33,6,1,0.25,0
10053,106,19,2,0.1,0
10053,42,24,1,0.25,0
10053,42,92,2,0.1,0
10053,28,32,0,0.5,0
10053,28,98,0,0.5,0
10053,95,34,2,0.1,0
10053,71,35,0,0.5,0
10053,83,42,0,0.5,0
10053,113,46,3,0.5,0
10053,113,46,3,0.5,0
10053,57,47,2,0.1,0
10053,12,51,3,0.33,0
10053,9,54,2,0.1,0
10053,49,55,4,0.41,0
10053,49,60,nan,nan,0
10053,138,69,1,0.25,0
10053,27,77,4,0.31,0
10053,27,98,0,0.5,0
10053,27,24,nan,nan,0
10053,53,77,nan,nan,0
10053,141,90,3,0.25,0
10053,108,92,1,0.25,0
10053,93,94,2,0.1,0
10053,3,95,0,0.5,0
10053,4,95,0,0.5,0
10054,12,17,nan,nan,14
10054,12,33,4,0.14,14
10054,12,0,2,0.1,14
10054,12,98,nan,nan,14
10054,12,78,nan,nan,14
10054,12,51,3,0.33,14
10054,12,55,nan,nan,14
10054,18,16,2,0.1,14
10054,18,28,nan,nan,14
10054,18,82,nan,nan,14
10054,26,66,nan,nan,14
10054,26,75,nan,nan,14
10054,26,42,nan,nan,14
10054,26,80,nan,nan,14
10054,26,93,nan,nan,14
10054,26,12,nan,nan,14
10054,26,53,nan,nan,14
10054,26,66,nan,nan,14
10054,32,52,nan,nan,14
10054,32,93,nan,nan,14
10054,32,0,nan,nan,14
10054,32,52,nan,nan,14
10054,32,20,nan,nan,14
10054,47,82,nan,nan,14
10054,47,24,nan,nan,14
10054,47,88,3,0.25,14
10054,65,93,nan,nan,14
10054,65,90,nan,nan,14
10054,65,99,nan,nan,14
10054,65,33,nan,nan,14
10054,65,75,nan,nan,14
10054,65,75,nan,nan,14
10054,65,26,nan,nan,14
10054,68,44,nan,nan,14
10054,68,20,nan,nan,14
10054,68,89,nan,nan,14
10054,68,16,nan,nan,14
10054,68,99,nan,nan,14
10054,75,30,nan,nan,14
10054,75,29,nan,nan,14
10054,75,75,nan,nan,14
10054,75,97,nan,nan,14
10054,75,97,nan,nan,14
10054,75,0,nan,nan,14
10054,82,75,nan,nan,14
10054,82,45,nan,nan,14
10054,82,66,nan,nan,14
10054,82,7,nan,nan,14
10054,82,91,nan,nan,14
10054,82,66,nan,nan,14
10054,83,24,nan,nan,14
10054,83,19,nan,nan,14
10054,94,52,nan,nan,14
10054,94,96,nan,nan,14
10054,94,58,nan,nan,14
10054,94,35,nan,nan,14
10054,94,37,nan,nan,14
10054,103,79,nan,nan,14
10054,103,34,nan,nan,14
10054,103,38,nan,nan,14
10054,103,69,2,0.1,14
10054,120,8,nan,nan,14
10054,120,47,nan,nan,14
10054,120,90,1,0.25,14
10054,120,81,1,0.25,14
10054,128,49,nan,nan,14
10054,128,93,2,0.1,14
10054,128,99,nan,nan,14
10054,139,66,nan,nan,14
10054,139,90,nan,nan,14
10054,139,36,nan,nan,14
10054,139,35,nan,nan,14
10054,152,54,nan,nan,14
10054,51,2,0,0.5,14
10054,14,4,3,0.33,14
10054,49,6,0,0.5,14
10054,93,26,3,0.5,14
10054,93,26,3,0.5,14
10054,70,33,0,0.5,14
10054,149,33,1,0.25,14
10054,50,34,nan,nan,14
10054,61,37,1,0.25,14
10054,61,46,1,0.25,14
10054,88,37,0,0.5,14
10054,119,42,3,0.5,14
10054,119,42,3,0.5,14
10054,151,47,0,0.5,14
10054,12,51,3,0.33,14
10054,27,55,4,0.41,14
10054,27,60,2,0.1,14
10054,17,59,1,0.25,14
10054,121,65,0,0.5,14
10054,125,71,1,0.25,14
10054,87,74,3,0.33,14
10054,77,85,1,0.25,14
10054,112,85,2,0.1,14
10054,132,85,1,0.25,14
10054,30,95,1,0.25,14
10055,3,82,nan,nan,29
10055,3,76,nan,nan,29
10055,3,18,nan,nan,29
10055,3,23,nan,nan,29
10055,3,98,nan,nan,29
10055,3,55,nan,nan,29
10055,17,37,nan,nan,29
10055,17,30,0,0.5,29
10055,17,1,nan,nan,29
10055,17,47,nan,nan,29
10055,17,16,2,0.1,29
10055,17,47,nan,nan,29
10055,17,89,nan,nan,29
10055,18,47,nan,nan,29
10055,18,81,nan,nan,29
10055,18,90,3,0.25,29
10055,18,16,2,0.1,29
10055,18,88,nan,nan,29
10055,18,24,nan,nan,29
10055,18,23,nan,nan,29
10055,18,11,nan,nan,29
10055,18,58,nan,nan,29
10055,18,21,nan,nan,29
10055,18,56,nan,nan,29
10055,18,53,0,0.5,29
10055,29,18,nan,nan,29
10055,29,34,nan,nan,29
10055,29,45,nan,nan,29
10055,29,54,nan,nan,29
10055,29,40,nan,nan,29
10055,29,17,nan,nan,29
10055,29,43,nan,nan,29
10055,29,54,nan,nan,29
10055,29,99,nan,nan,29
10055,29,68,nan,nan,29
10055,29,40,nan,nan,29
10055,29,4,nan,nan,29
10055,29,37,nan,nan,29
10055,29,99,nan,nan,29
10055,29,13,nan,nan,29
10055,29,97,nan,nan,29
10055,29,25,nan,nan,29
10055,29,37,nan,nan,29
10055,32,60,2,0.1,29
10055,32,12,nan,nan,29
10055,32,90,nan,nan,29
10055,32,42,nan,nan,29
10055,32,12,nan,nan,29
10055,32,51,nan,nan,29
10055,32,42,nan,nan,29
10055,32,52,nan,nan,29
10055,32,57,nan,nan,29
10055,32,19,nan,nan,29
10055,32,54,nan,nan,29
10055,34,6,nan,nan,29
10055,34,2,nan,nan,29
10055,34,12,nan,nan,29
10055,34,23,nan,nan,29
10055,34,62,nan,nan,29
10055,34,63,nan,nan,29
10055,34,59,nan,nan,29
10055,34,99,nan,nan,29
10055,35,62,nan,nan,29
10055,35,62,nan,nan,29
10055,35,60,nan,nan,29
10055,35,57,nan,nan,29
10055,35,1,nan,nan,29
10055,35,40,nan,nan,29
10055,35,52,nan,nan,29
10055,35,46,nan,nan,29
10055,35,7,nan,nan,29
10055,35,57,nan,nan,29
10055,35,36,nan,nan,29
10055,35,33,nan,nan,29
10055,35,76,nan,nan,29
10055,35,62,nan,nan,29
10055,42,96,nan,nan,29
10055,42,96,nan,nan,29
10055,42,80,nan,nan,29
10055,42,74,nan,nan,29
10055,42,30,nan,nan,29
10055,42,34,nan,nan,29
10055,42,30,nan,nan,29
10055,42,60,nan,nan,29
10055,42,57,nan,nan,29
10055,42,98,2,0.1,29
10055,42,20,nan,nan,29
10055,42,38,nan,nan,29
10055,42,11,2,0.1,29
10055,42,51,nan,nan,29
10055,42,96,nan,nan,29
10055,42,92,2,0.1,29
10055,44,71,nan,nan,29
10055,44,27,nan,nan,29
10055,44,38,nan,nan,29
10055,44,20,nan,nan,29
10055,44,60,3,0.25,29
10055,44,96,2,0.1,29
10055,44,90,2,0.1,29
10055,44,38,nan,nan,29
10055,44,50,nan,nan,29
10055,44,49,3,0.25,29
10055,44,50,nan,nan,29
10055,44,14,2,0.1,29
10055,44,57,nan,nan,29
10055,44,38,nan,nan,29
10055,45,28,nan,nan,29
10055,45,76,nan,nan,29
10055,45,41,nan,nan,29
10055,45,34,1,0.25,29
10055,45,42,1,0.25,29
10055,45,68,2,0.1,29
10055,45,87,1,0.25,29
10055,45,57,nan,nan,29
10055,45,96,2,0.1,29
10055,45,70,nan,nan,29
10055,49,76,nan,nan,29
10055,49,31,2,0.1,29
10055,49,8,nan,nan,29
10055,49,65,nan,nan,29
10055,49,91,2,0.1,29
10055,49,68,nan,nan,29
10055,49,5,nan,nan,29
10055,49,8,nan,nan,29
10055,50,66,nan,nan,29
10055,50,8,nan,nan,29
10055,50,31,nan,nan,29
10055,50,66,nan,nan,29
10055,50,26,nan,nan,29
10055,50,68,nan,nan,29
10055,50,83,nan,nan,29
10055,50,8,nan,nan,29
10055,50,33,nan,nan,29
10055,50,1,nan,nan,29
10055,50,48,nan,nan,29
10055,50,70,nan,nan,29
10055,50,31,nan,nan,29
10055,52,20,2,0.1,29
10055,52,48,nan,nan,29
10055,52,42,nan,nan,29
10055,52,43,1,0.25,29
10055,52,11,nan,nan,29
10055,52,65,nan,nan,29
10055,52,15,nan,nan,29
10055,52,20,2,0.1,29
10055,52,49,1,0.25,29
10055,52,91,2,0.1,29
10055,52,87,2,0.1,29
10055,52,38,nan,nan,29
10055,52,59,nan,nan,29
10055,55,99,nan,nan,29
10055,55,52,nan,nan,29
10055,55,84,nan,nan,29
10055,55,17,nan,nan,29
10055,55,97,nan,nan,29
10055,55,19,nan,nan,29
10055,55,84,nan,nan,29
10055,55,54,nan,nan,29
10055,55,55,nan,nan,29
10055,55,50,nan,nan,29
10055,55,64,nan,nan,29
10055,55,43,nan,nan,29
10055,55,42,nan,nan,29
10055,55,65,nan,nan,29
10055,55,90,nan,nan,29
10055,55,55,nan,nan,29
10055,55,31,nan,nan,29
10055,55,63,nan,nan,29
10055,55,8,nan,nan,29
10055,56,23,nan,nan,29
10055,56,65,nan,nan,29
10055,56,18,nan,nan,29
10055,56,5,nan,nan,29
10055,56,12,nan,nan,29
10055,56,55,nan,nan,29
10055,56,57,nan,nan,29
10055,60,18,nan,nan,29
10055,60,37,nan,nan,29
10055,60,84,nan,nan,29
10055,60,81,nan,nan,29
10055,60,91,nan,nan,29
10055,60,71,nan,nan,29
10055,60,26,nan,nan,29
10055,60,66,nan,nan,29
10055,64,94,2,0.1,29
10055,64,98,2,0.1,29
10055,64,40,nan,nan,29
10055,64,27,nan,nan,29
10055,64,80,nan,nan,29
10055,68,47,nan,nan,29
10055,68,60,nan,nan,29
10055,68,34,nan,nan,29
10055,68,33,nan,nan,29
10055,68,81,nan,nan,29
10055,68,34,nan,nan,29
10055,68,73,nan,nan,29
10055,68,87,nan,nan,29
10055,68,95,nan,nan,29
10055,68,8,nan,nan,29
10055,68,12,nan,nan,29
10055,70,33,nan,nan,29
10055,70,75,nan,nan,29
10055,70,61,nan,nan,29
10055,70,34,nan,nan,29
10055,70,34,nan,nan,29
10055,70,47,nan,nan,29
10055,70,47,nan,nan,29
10055,70,37,nan,nan,29
10055,70,14,nan,nan,29
10055,70,90,nan,nan,29
10055,70,38,nan,nan,29
10055,70,7,nan,nan,29
10055,70,90,nan,nan,29
10055,70,47,nan,nan,29
10055,70,65,nan,nan,29
10055,70,88,nan,nan,29
10055,71,57,nan,nan,29
10055,71,80,nan,nan,29
10055,71,48,1,0.25,29
10055,71,90,2,0.1,29
10055,71,41,nan,nan,29
10055,71,35,0,0.5,29
10055,71,45,2,0.1,29
10055,71,90,2,0.1,29
10055,71,36,nan,nan,29
10055,71,98,nan,nan,29
10055,71,70,nan,nan,29
10055,71,36,nan,nan,29
10055,71,47,2,0.1,29
10055,71,90,2,0.1,29
10055,71,41,nan,nan,29
10055,71,90,2,0.1,29
10055,73,44,nan,nan,29
10055,73,37,nan,nan,29
10055,73,71,nan,nan,29
10055,73,90,nan,nan,29
10055,73,88,nan,nan,29
10055,73,90,nan,nan,29
10055,73,9,nan,nan,29
10055,74,50,nan,nan,29
10055,74,68,nan,nan,29
10055,74,3,nan,nan,29
10055,74,34,nan,nan,29
10055,74,18,nan,nan,29
10055,74,52,nan,nan,29
10055,74,30,nan,nan,29
10055,76,29,nan,nan,29
10055,76,73,nan,nan,29
10055,76,68,nan,nan,29
10055,76,98,nan,nan,29
10055,76,21,nan,nan,29
10055,76,37,nan,nan,29
10055,76,51,nan,nan,29
10055,76,10,nan,nan,29
10055,76,41,2,0.1,29
10055,76,15,nan,nan,29
10055,76,0,nan,nan,29
10055,76,37,nan,nan,29
10055,82,26,2,0.1,29
10055,82,16,nan,nan,29
10055,82,15,nan,nan,29
10055,82,99,nan,nan,29
10055,82,11,nan,nan,29
10055,82,20,nan,nan,29
10055,82,68,nan,nan,29
10055,82,75,nan,nan,29
10055,82,63,nan,nan,29
10055,82,71,nan,nan,29
10055,82,91,nan,nan,29
10055,82,60,2,0.1,29
10055,82,75,nan,nan,29
10055,82,34,nan,nan,29
10055,82,38,nan,nan,29
10055,82,96,nan,nan,29
10055,86,15,nan,nan,29
10055,86,99,nan,nan,29
10055,86,18,nan,nan,29
10055,86,36,nan,nan,29
10055,86,57,nan,nan,29
10055,86,7,nan,nan,29
10055,86,65,nan,nan,29
10055,86,1,nan,nan,29
10055,86,64,nan,nan,29
10055,88,79,nan,nan,29
10055,88,90,nan,nan,29
10055,88,83,nan,nan,29
10055,88,93,nan,nan,29
10055,88,42,nan,nan,29
10055,88,12,nan,nan,29
10055,88,5,nan,nan,29
10055,88,92,nan,nan,29
10055,88,42,nan,nan,29
10055,88,99,nan,nan,29
10055,88,3,nan,nan,29
10055,88,62,nan,nan,29
10055,94,35,nan,nan,29
10055,94,20,nan,nan,29
10055,94,82,nan,nan,29
10055,94,22,nan,nan,29
10055,94,31,nan,nan,29
10055,94,8,nan,nan,29
10055,94,23,nan,nan,29
10055,94,43,nan,nan,29
10055,94,60,nan,nan,29
10055,94,38,nan,nan,29
10055,94,38,nan,nan,29
10055,94,78,nan,nan,29
10055,94,38,nan,nan,29
10055,94,53,nan,nan,29
10055,94,96,nan,nan,29
10055,95,74,nan,nan,29
10055,95,1,nan,nan,29
10055,95,38,2,0.1,29
10055,95,28,nan,nan,29
10055,95,37,nan,nan,29
10055,95,22,1,0.25,29
10055,95,12,nan,nan,29
10055,95,67,nan,nan,29
10055,95,94,nan,nan,29
10055,95,81,nan,nan,29
10055,95,90,1,0.25,29
10055,95,18,nan,nan,29
10055,95,7,3,0.25,29
10055,96,31,nan,nan,29
10055,96,64,nan,nan,29
10055,96,81,nan,nan,29
10055,96,96,nan,nan,29
10055,96,96,nan,nan,29
10055,96,94,nan,nan,29
10055,96,81,nan,nan,29
10055,96,6,nan,nan,29
10055,96,94,nan,nan,29
10055,96,54,nan,nan,29
10055,97,80,nan,nan,29
10055,97,28,nan,nan,29
10055,97,73,nan,nan,29
10055,97,66,nan,nan,29
10055,97,53,nan,nan,29
10055,97,80,nan,nan,29
10055,97,95,nan,nan,29
10055,97,68,nan,nan,29
10055,97,31,nan,nan,29
10055,97,8,nan,nan,29
10055,101,54,nan,nan,29
10055,101,8,nan,nan,29
10055,101,77,nan,nan,29
10055,101,42,nan,nan,29
10055,101,31,nan,nan,29
10055,101,10,nan,nan,29
10055,101,44,nan,nan,29
10055,101,44,nan,nan,29
10055,101,12,nan,nan,29
10055,101,20,nan,nan,29
10055,105,37,nan,nan,29
10055,105,25,nan,nan,29
10055,105,81,nan,nan,29
10055,105,80,nan,nan,29
10055,105,18,1,0.25,29
10055,105,95,nan,nan,29
10055,105,8,nan,nan,29
10055,105,38,nan,nan,29
10055,105,65,nan,nan,29
10055,105,33,nan,nan,29
10055,105,12,nan,nan,29
10055,105,54,nan,nan,29
10055,105,46,nan,nan,29
10055,107,53,nan,nan,29
10055,107,56,nan,nan,29
10055,107,59,nan,nan,29
10055,107,90,nan,nan,29
10055,107,77,nan,nan,29
10055,107,16,nan,nan,29
10055,107,65,nan,nan,29
10055,107,53,nan,nan,29
10055,107,90,nan,nan,29
10055,107,62,nan,nan,29
10055,109,60,nan,nan,29
10055,109,76,nan,nan,29
10055,109,76,nan,nan,29
10055,109,3,nan,nan,29
10055,109,78,1,0.25,29
10055,109,59,nan,nan,29
10055,109,76,nan,nan,29
10055,109,26,2,0.1,29
10055,109,1,nan,nan,29
10055,109,23,nan,nan,29
10055,109,65,nan,nan,29
10055,109,65,nan,nan,29
10055,109,76,nan,nan,29
10055,109,89,3,0.25,29
10055,109,2,nan,nan,29
10055,109,83,nan,nan,29
10055,117,27,nan,nan,29
10055,117,3,nan,nan,29
10055,117,92,nan,nan,29
10055,117,66,nan,nan,29
10055,117,60,nan,nan,29
10055,117,77,nan,nan,29
10055,117,34,nan,nan,29
10055,117,61,nan,nan,29
10055,117,81,nan,nan,29
10055,117,81,nan,nan,29
10055,117,87,nan,nan,29
10055,121,15,nan,nan,29
10055,121,97,nan,nan,29
10055,121,47,nan,nan,29
10055,121,89,1,0.25,29
10055,121,38,nan,nan,29
10055,121,37,nan,nan,29
10055,121,84,nan,nan,29
10055,121,47,nan,nan,29
10055,121,70,nan,nan,29
10055,121,15,nan,nan,29
10055,122,92,nan,nan,29
10055,122,71,nan,nan,29
10055,122,11,nan,nan,29
10055,122,72,nan,nan,29
10055,122,47,nan,nan,29
10055,122,98,nan,nan,29
10055,122,90,nan,nan,29
10055,122,14,2,0.1,29
10055,122,16,nan,nan,29
10055,122,12,nan,nan,29
10055,123,90,nan,nan,29
10055,123,68,nan,nan,29
10055,123,16,nan,nan,29
10055,123,11,nan,nan,29
10055,123,90,nan,nan,29
10055,123,96,0,0.5,29
10055,123,57,nan,nan,29
10055,123,16,nan,nan,29
10055,123,33,nan,nan,29
10055,123,81,nan,nan,29
10055,123,50,nan,nan,29
10055,125,16,nan,nan,29
10055,125,23,2,0.1,29
10055,125,3,nan,nan,29
10055,125,44,nan,nan,29
10055,125,42,nan,nan,29
10055,125,58,nan,nan,29
10055,125,16,nan,nan,29
10055,125,47,2,0.1,29
10055,125,3,nan,nan,29
10055,125,90,nan,nan,29
10055,125,3,nan,nan,29
10055,125,95,nan,nan,29
10055,125,40,nan,nan,29
10055,125,3,nan,nan,29
10055,125,47,2,0.1,29
10055,125,44,nan,nan,29
10055,127,83,nan,nan,29
10055,127,19,nan,nan,29
10055,127,37,nan,nan,29
10055,127,54,nan,nan,29
10055,127,35,nan,nan,29
10055,127,58,nan,nan,29
10055,127,65,nan,nan,29
10055,127,66,nan,nan,29
10055,127,45,nan,nan,29
10055,127,86,2,0.1,29
10055,127,79,nan,nan,29
10055,127,50,nan,nan,29
10055,127,56,nan,nan,29
10055,127,68,nan,nan,29
10055,127,37,nan,nan,29
10055,127,99,nan,nan,29
10055,127,95,nan,nan,29
10055,131,17,nan,nan,29
10055,131,63,nan,nan,29
10055,131,99,nan,nan,29
10055,131,72,nan,nan,29
10055,131,82,nan,nan,29
10055,131,17,nan,nan,29
10055,131,33,nan,nan,29
10055,131,41,nan,nan,29
10055,131,84,nan,nan,29
10055,131,63,nan,nan,29
10055,131,75,nan,nan,29
10055,131,44,nan,nan,29
10055,131,60,nan,nan,29
10055,131,75,nan,nan,29
10055,131,89,nan,nan,29
10055,131,39,nan,nan,29
10055,132,68,nan,nan,29
10055,132,83,3,0.5,29
10055,132,32,nan,nan,29
10055,132,76,nan,nan,29
10055,132,17,nan,nan,29
10055,132,87,2,0.1,29
10055,132,99,nan,nan,29
10055,132,70,nan,nan,29
10055,132,87,2,0.1,29
10055,132,91,nan,nan,29
10055,132,71,2,0.1,29
10055,132,99,nan,nan,29
10055,132,11,nan,nan,29
10055,132,76,nan,nan,29
10055,132,10,nan,nan,29
10055,132,68,nan,nan,29
10055,132,99,nan,nan,29
10055,132,83,3,0.5,29
10055,145,14,nan,nan,29
10055,145,80,nan,nan,29
10055,145,30,nan,nan,29
10055,145,63,nan,nan,29
10055,145,78,nan,nan,29
10055,145,91,nan,nan,29
10055,145,96,nan,nan,29
10055,145,34,nan,nan,29
10055,145,34,nan,nan,29
10055,145,88,nan,nan,29
10055,145,96,nan,nan,29
10055,145,64,nan,nan,29
10055,145,8,nan,nan,29
10055,145,34,nan,nan,29
10055,145,12,1,0.25,29
10055,145,96,nan,nan,29
10055,145,94,nan,nan,29
10055,148,94,nan,nan,29
10055,148,99,nan,nan,29
10055,148,50,nan,nan,29
10055,148,94,nan,nan,29
10055,148,96,nan,nan,29
10055,148,92,nan,nan,29
10055,148,53,nan,nan,29
10055,148,94,nan,nan,29
10055,148,94,nan,nan,29
10055,148,38,nan,nan,29
10055,148,40,nan,nan,29
10055,148,64,1,0.25,29
10055,148,94,nan,nan,29
10055,148,18,nan,nan,29
10055,148,61,1,0.25,29
10055,148,12,2,0.1,29
10055,148,38,nan,nan,29
10055,148,40,nan,nan,29
10055,150,54,nan,nan,29
10055,150,99,nan,nan,29
10055,150,95,nan,nan,29
10055,150,59,nan,nan,29
10055,150,67,nan,nan,29
10055,150,33,nan,nan,29
10055,150,94,nan,nan,29
10055,150,31,nan,nan,29
10055,150,25,nan,nan,29
10055,150,25,nan,nan,29
10055,150,94,nan,nan,29
10055,150,61,nan,nan,29
10055,151,86,nan,nan,29
10055,151,71,nan,nan,29
10055,151,71,nan,nan,29
10055,151,40,nan,nan,29
10055,151,85,nan,nan,29
10055,151,12,nan,nan,29
10055,151,42,nan,nan,29
10055,151,10,nan,nan,29
10055,151,17,nan,nan,29
10055,151,61,nan,nan,29
10055,151,68,nan,nan,29
10055,151,31,nan,nan,29
10055,151,68,nan,nan,29
10055,153,15,nan,nan,29
10055,153,94,nan,nan,29
10055,153,31,nan,nan,29
10055,153,12,nan,nan,29
10055,153,95,1,0.25,29
10055,153,92,nan,nan,29
10055,153,86,1,0.25,29
10055,153,13,nan,nan,29
10055,153,8,2,0.1,29
10055,153,29,nan,nan,29
10055,153,81,nan,nan,29
10055,153,47,nan,nan,29
10055,153,4,2,0.1,29
10055,153,19,nan,nan,29
10055,153,80,nan,nan,29
10055,154,66,nan,nan,29
10055,154,26,nan,nan,29
10055,154,81,nan,nan,29
10055,154,80,nan,nan,29
10055,154,40,nan,nan,29
10055,154,11,nan,nan,29
10055,154,44,nan,nan,29
10055,154,75,nan,nan,29
10055,154,11,nan,nan,29
10055,155,90,nan,nan,29
10055,155,8,nan,nan,29
10055,155,1,nan,nan,29
10055,155,90,nan,nan,29
10055,155,63,nan,nan,29
10055,155,84,nan,nan,29
10055,155,83,nan,nan,29
10055,155,5,nan,nan,29
10055,155,97,nan,nan,29
10055,155,80,nan,nan,29
10055,155,31,nan,nan,29
10055,155,36,nan,nan,29
10055,155,10,nan,nan,29
10055,155,5,nan,nan,29
10055,155,5,nan,nan,29
10055,155,83,nan,nan,29
10055,155,91,nan,nan,29
10055,155,16,nan,nan,29
10055,108,2,0,0.5,29
10055,80,9,1,0.25,29
10055,23,15,0,0.5,29
10055,110,15,2,0.1,29
10055,96,22,1,0.25,29
10055,82,25,0,0.5,29
10055,126,32,1,0.25,29
10055,102,34,nan,nan,29
10055,112,36,0,0.5,29
10055,132,36,1,0.25,29
10055,45,42,1,0.25,29
10055,17,45,1,0.25,29
10055,71,64,4,0.25,29
10055,71,24,nan,nan,29
10055,142,68,3,0.25,29
10055,105,70,2,0.1,29
10055,143,71,1,0.25,29
10055,48,72,1,0.25,29
10055,109,96,2,0.1,29
10056,8,66,nan,nan,26
10056,8,44,nan,nan,26
10056,8,98,nan,nan,26
10056,8,14,nan,nan,26
10056,8,79,nan,nan,26
10056,8,82,nan,nan,26
10056,8,14,nan,nan,26
10056,10,41,nan,nan,26
10056,10,75,2,0.1,26
10056,10,52,nan,nan,26
10056,10,89,nan,nan,26
10056,10,41,nan,nan,26
10056,10,26,1,0.25,26
10056,10,6,nan,nan,26
10056,15,95,nan,nan,26
10056,15,59,2,0.1,26
10056,15,72,3,0.5,26
10056,15,47,nan,nan,26
10056,15,87,2,0.1,26
10056,15,4,3,0.33,26
10056,15,72,3,0.5,26
10056,20,47,nan,nan,26
10056,20,74,nan,nan,26
10056,20,36,nan,nan,26
10056,24,71,nan,nan,26
10056,24,66,nan,nan,26
10056,24,82,nan,nan,26
10056,24,43,nan,nan,26
10056,24,71,nan,nan,26
10056,24,4,nan,nan,26
10056,24,93,nan,nan,26
10056,35,81,nan,nan,26
10056,35,36,nan,nan,26
10056,35,40,nan,nan,26
10056,35,92,nan,nan,26
10056,35,5,nan,nan,26
10056,36,96,nan,nan,26
10056,36,26,nan,nan,26
10056,36,65,nan,nan,26
10056,62,20,nan,nan,26
10056,86,36,nan,nan,26
10056,86,99,nan,nan,26
10056,86,7,nan,nan,26
10056,86,57,nan,nan,26
10056,86,29,nan,nan,26
10056,86,36,nan,nan,26
10056,86,8,nan,nan,26
10056,86,63,nan,nan,26
10056,92,8,nan,nan,26
10056,92,26,nan,nan,26
10056,92,1,nan,nan,26
10056,99,56,nan,nan,26
10056,99,34,nan,nan,26
10056,99,31,nan,nan,26
10056,99,3,nan,nan,26
10056,129,68,1,0.25,26
10056,129,66,1,0.25,26
10056,129,34,nan,nan,26
10056,129,37,nan,nan,26
10056,129,66,1,0.25,26
10056,129,71,3,0.25,26
10056,129,99,nan,nan,26
10056,132,29,nan,nan,26
10056,132,99,nan,nan,26
10056,132,44,2,0.1,26
10056,132,71,2,0.1,26
10056,132,29,nan,nan,26
10056,132,66,nan,nan,26
10056,132,81,nan,nan,26
10056,143,92,nan,nan,26
10056,143,10,nan,nan,26
10056,143,22,nan,nan,26
10056,143,39,nan,nan,26
10056,147,12,nan,nan,26
10056,147,57,2,0.1,26
10056,147,81,2,0.1,26
10056,147,59,nan,nan,26
10056,147,51,nan,nan,26
10056,147,38,2,0.1,26
10056,147,6,nan,nan,26
10056,153,51,nan,nan,26
10056,153,54,nan,nan,26
10056,153,1,2,0.1,26
10056,153,95,1,0.25,26
10056,14,4,3,0.33,26
10056,14,18,1,0.25,26
10056,123,6,3,0.25,26
10056,123,37,1,0.25,26
10056,27,15,1,0.25,26
10056,27,55,4,0.41,26
10056,27,60,2,0.1,26
10056,23,30,2,0.1,26
10056,113,34,2,0.1,26
10056,113,36,0,0.5,26
10056,113,87,3,0.33,26
10056,153,34,0,0.5,26
10056,153,99,0,0.5,26
10056,82,42,0,0.5,26
10056,39,46,2,0.1,26
10056,130,51,3,0.5,26
10056,130,51,3,0.5,26
10056,102,52,0,0.5,26
10056,11,56,1,0.25,26
10056,46,57,0,0.5,26
10056,151,60,1,0.25,26
10056,9,65,0,0.5,26
10056,20,65,1,0.25,26
10056,20,96,1,0.25,26
10056,33,66,0,0.5,26
10056,143,68,3,0.25,26
10056,143,98,0,0.5,26
10056,147,80,2,0.1,26
10056,129,81,3,0.25,26
10056,144,81,2,0.1,26
10056,136,82,0,0.5,26
10056,112,87,3,0.33,26
10056,28,98,0,0.5,26
10056,120,99,1,0.25,26
10056,120,99,1,0.25,26
10057,1,3,nan,nan,24
10057,1,84,nan,nan,24
10057,1,96,nan,nan,24
10057,1,37,nan,nan,24
10057,1,81,nan,nan,24
10057,1,76,nan,nan,24
10057,1,80,nan,nan,24
10057,1,98,nan,nan,24
10057,1,66,nan,nan,24
10057,1,65,nan,nan,24
10057,1,65,nan,nan,24
10057,1,31,nan,nan,24
10057,1,77,nan,nan,24
10057,5,35,nan,nan,24
10057,5,23,2,0.1,24
10057,5,55,nan,nan,24
10057,5,65,nan,nan,24
10057,5,92,nan,nan,24
10057,5,4,nan,nan,24
10057,5,37,nan,nan,24
10057,5,33,nan,nan,24
10057,5,59,nan,nan,24
10057,5,76,nan,nan,24
10057,5,59,nan,nan,24
10057,5,66,nan,nan,24
10057,5,23,2,0.1,24
10057,5,30,nan,nan,24
10057,6,18,nan,nan,24
10057,6,15,nan,nan,24
10057,6,99,nan,nan,24
10057,6,18,nan,nan,24
10057,6,84,nan,nan,24
10057,6,23,nan,nan,24
10057,6,37,nan,nan,24
10057,7,85,3,0.25,24
10057,7,80,nan,nan,24
10057,7,0,nan,nan,24
10057,7,45,nan,nan,24
10057,7,65,nan,nan,24
10057,7,68,nan,nan,24
10057,7,2,nan,nan,24
10057,7,82,1,0.25,24
10057,7,32,nan,nan,24
10057,7,68,nan,nan,24
10057,7,56,nan,nan,24
10057,7,16,nan,nan,24
10057,7,63,nan,nan,24
10057,8,36,nan,nan,24
10057,8,82,1,0.25,24
10057,8,89,nan,nan,24
10057,8,65,nan,nan,24
10057,8,82,1,0.25,24
10057,8,50,nan,nan,24
10057,8,21,1,0.25,24
10057,8,63,nan,nan,24
10057,8,21,1,0.25,24
10057,8,93,nan,nan,24
10057,8,26,2,0.1,24
10057,9,82,nan,nan,24
10057,9,79,nan,nan,24
10057,9,12,nan,nan,24
10057,9,8,nan,nan,24
10057,9,26,nan,nan,24
10057,9,26,nan,nan,24
10057,9,57,nan,nan,24
10057,16,16,nan,nan,24
10057,16,88,nan,nan,24
10057,16,80,nan,nan,24
10057,16,47,nan,nan,24
10057,16,81,nan,nan,24
10057,16,14,nan,nan,24
10057,16,37,nan,nan,24
10057,16,87,nan,nan,24
10057,16,55,nan,nan,24
10057,16,47,nan,nan,24
10057,16,47,nan,nan,24
10057,16,87,nan,nan,24
10057,16,47,nan,nan,24
10057,16,79,nan,nan,24
10057,19,51,nan,nan,24
10057,19,47,nan,nan,24
10057,19,68,nan,nan,24
10057,19,16,nan,nan,24
10057,19,66,nan,nan,24
10057,19,52,nan,nan,24
10057,19,84,nan,nan,24
10057,19,16,nan,nan,24
10057,19,90,nan,nan,24
10057,19,54,nan,nan,24
10057,19,80,nan,nan,24
10057,19,55,nan,nan,24
10057,22,82,nan,nan,24
10057,22,42,3,0.33,24
10057,22,90,nan,nan,24
10057,22,8,2,0.1,24
10057,22,55,nan,nan,24
10057,22,51,3,0.25,24
10057,22,58,nan,nan,24
10057,22,66,nan,nan,24
10057,22,58,nan,nan,24
10057,22,58,nan,nan,24
10057,22,16,nan,nan,24
10057,22,50,nan,nan,24
10057,22,37,2,0.1,24
10057,22,99,nan,nan,24
10057,22,58,nan,nan,24
10057,22,68,nan,nan,24
10057,22,46,3,0.33,24
10057,24,73,nan,nan,24
10057,24,78,nan,nan,24
10057,24,99,nan,nan,24
10057,24,94,nan,nan,24
10057,24,89,nan,nan,24
10057,24,73,nan,nan,24
10057,24,71,nan,nan,24
10057,24,37,nan,nan,24
10057,24,37,nan,nan,24
10057,24,99,nan,nan,24
10057,24,15,nan,nan,24
10057,24,90,nan,nan,24
10057,25,74,nan,nan,24
10057,25,93,nan,nan,24
10057,25,93,nan,nan,24
10057,25,71,nan,nan,24
10057,25,0,nan,nan,24
10057,25,58,nan,nan,24
10057,25,12,nan,nan,24
10057,25,17,nan,nan,24
10057,25,82,nan,nan,24
10057,25,71,nan,nan,24
10057,25,19,nan,nan,24
10057,25,68,nan,nan,24
10057,25,90,nan,nan,24
10057,25,99,nan,nan,24
10057,27,11,nan,nan,24
10057,27,42,nan,nan,24
10057,27,68,nan,nan,24
10057,27,50,nan,nan,24
10057,27,57,nan,nan,24
10057,27,32,0,0.5,24
10057,27,85,nan,nan,24
10057,27,37,nan,nan,24
10057,27,37,nan,nan,24
10057,27,43,nan,nan,24
10057,29,18,nan,nan,24
10057,29,29,nan,nan,24
10057,29,29,nan,nan,24
10057,29,29,nan,nan,24
10057,29,99,nan,nan,24
10057,29,37,nan,nan,24
10057,29,71,nan,nan,24
10057,33,79,nan,nan,24
10057,33,95,nan,nan,24
10057,33,59,nan,nan,24
10057,33,54,nan,nan,24
10057,33,68,1,0.25,24
10057,33,10,nan,nan,24
10057,33,52,nan,nan,24
10057,33,52,nan,nan,24
10057,33,12,3,0.25,24
10057,33,23,nan,nan,24
10057,33,7,nan,nan,24
10057,33,77,nan,nan,24
10057,34,48,nan,nan,24
10057,34,2,nan,nan,24
10057,34,55,nan,nan,24
10057,34,57,nan,nan,24
10057,34,0,nan,nan,24
10057,34,50,nan,nan,24
10057,34,1,nan,nan,24
10057,34,55,nan,nan,24
10057,34,7,nan,nan,24
10057,34,7,nan,nan,24
10057,35,94,2,0.1,24
10057,35,26,nan,nan,24
10057,35,49,nan,nan,24
10057,35,80,nan,nan,24
10057,35,42,0,0.5,24
10057,35,57,nan,nan,24
10057,35,57,nan,nan,24
10057,35,59,nan,nan,24
10057,35,36,nan,nan,24
10057,35,8,nan,nan,24
10057,38,11,nan,nan,24
10057,38,11,nan,nan,24
10057,38,81,nan,nan,24
10057,38,51,nan,nan,24
10057,38,42,nan,nan,24
10057,38,5,nan,nan,24
10057,38,57,nan,nan,24
10057,38,71,nan,nan,24
10057,38,9,nan,nan,24
10057,38,92,nan,nan,24
10057,38,25,nan,nan,24
10057,38,92,nan,nan,24
10057,38,69,nan,nan,24
10057,41,5,nan,nan,24
10057,41,11,nan,nan,24
10057,41,39,nan,nan,24
10057,41,90,nan,nan,24
10057,41,30,nan,nan,24
10057,41,39,nan,nan,24
10057,41,11,nan,nan,24
10057,41,12,nan,nan,24
10057,41,7,nan,nan,24
10057,41,81,nan,nan,24
10057,41,11,nan,nan,24
10057,41,98,nan,nan,24
10057,42,31,nan,nan,24
10057,42,71,nan,nan,24
10057,42,11,2,0.1,24
10057,42,11,2,0.1,24
10057,42,96,nan,nan,24
10057,42,62,2,0.1,24
10057,42,96,nan,nan,24
10057,42,74,nan,nan,24
10057,43,81,nan,nan,24
10057,43,30,nan,nan,24
10057,43,58,nan,nan,24
10057,43,64,3,0.25,24
10057,43,12,2,0.1,24
10057,43,75,nan,nan,24
10057,43,12,2,0.1,24
10057,43,38,nan,nan,24
10057,43,50,nan,nan,24
10057,45,41,nan,nan,24
10057,45,80,nan,nan,24
10057,45,39,nan,nan,24
10057,45,94,nan,nan,24
10057,45,54,nan,nan,24
10057,45,12,2,0.1,24
10057,45,59,nan,nan,24
10057,45,67,nan,nan,24
10057,45,50,nan,nan,24
10057,45,61,nan,nan,24
10057,45,24,nan,nan,24
10057,45,41,nan,nan,24
10057,45,8,nan,nan,24
10057,45,46,1,0.25,24
10057,45,78,nan,nan,24
10057,46,68,nan,nan,24
10057,46,76,1,0.25,24
10057,46,90,nan,nan,24
10057,46,56,nan,nan,24
10057,46,9,nan,nan,24
10057,46,7,nan,nan,24
10057,46,36,1,0.25,24
10057,46,54,nan,nan,24
10057,46,83,nan,nan,24
10057,46,46,nan,nan,24
10057,46,15,nan,nan,24
10057,46,6,nan,nan,24
10057,46,51,nan,nan,24
10057,46,27,nan,nan,24
10057,46,31,nan,nan,24
10057,48,57,2,0.1,24
10057,48,90,1,0.25,24
10057,48,44,nan,nan,24
10057,48,63,nan,nan,24
10057,48,53,nan,nan,24
10057,48,43,nan,nan,24
10057,48,16,nan,nan,24
10057,48,58,nan,nan,24
10057,48,34,nan,nan,24
10057,48,8,nan,nan,24
10057,48,64,4,0.25,24
10057,48,8,nan,nan,24
10057,48,32,2,0.1,24
10057,48,37,nan,nan,24
10057,48,4,nan,nan,24
10057,48,8,nan,nan,24
10057,48,24,2,0.1,24
10057,49,1,nan,nan,24
10057,49,54,nan,nan,24
10057,49,37,nan,nan,24
10057,49,31,2,0.1,24
10057,49,59,2,0.1,24
10057,49,84,nan,nan,24
10057,49,8,nan,nan,24
10057,49,32,2,0.1,24
10057,49,8,nan,nan,24
10057,49,26,nan,nan,24
10057,49,24,2,0.1,24
10057,52,73,nan,nan,24
10057,52,12,nan,nan,24
10057,52,65,nan,nan,24
10057,52,6,1,0.25,24
10057,52,38,nan,nan,24
10057,52,99,nan,nan,24
10057,52,65,nan,nan,24
10057,52,8,nan,nan,24
10057,52,29,nan,nan,24
10057,52,99,nan,nan,24
10057,52,19,nan,nan,24
10057,52,14,nan,nan,24
10057,52,15,nan,nan,24
10057,52,4,nan,nan,24
10057,52,65,nan,nan,24
10057,52,51,nan,nan,24
10057,52,64,nan,nan,24
10057,52,93,nan,nan,24
10057,53,27,nan,nan,24
10057,53,82,2,0.1,24
10057,53,94,nan,nan,24
10057,53,67,nan,nan,24
10057,53,64,nan,nan,24
10057,53,77,nan,nan,24
10057,53,8,nan,nan,24
10057,53,93,nan,nan,24
10057,53,84,nan,nan,24
10057,53,74,3,0.25,24
10057,53,66,nan,nan,24
10057,53,22,nan,nan,24
10057,53,13,nan,nan,24
10057,61,23,nan,nan,24
10057,61,42,nan,nan,24
10057,61,74,nan,nan,24
10057,61,48,nan,nan,24
10057,61,21,nan,nan,24
10057,61,48,nan,nan,24
10057,61,83,nan,nan,24
10057,61,18,nan,nan,24
10057,61,36,nan,nan,24
10057,61,10,nan,nan,24
10057,61,5,nan,nan,24
10057,63,60,nan,nan,24
10057,63,33,nan,nan,24
10057,63,44,nan,nan,24
10057,63,36,nan,nan,24
10057,63,81,nan,nan,24
10057,63,63,nan,nan,24
10057,63,6,nan,nan,24
10057,63,38,nan,nan,24
10057,64,56,nan,nan,24
10057,64,50,nan,nan,24
10057,64,54,nan,nan,24
10057,64,34,nan,nan,24
10057,64,66,nan,nan,24
10057,64,51,nan,nan,24
10057,64,72,nan,nan,24
10057,64,71,nan,nan,24
10057,64,27,nan,nan,24
10057,65,80,2,0.1,24
10057,65,98,nan,nan,24
10057,65,87,nan,nan,24
10057,65,59,nan,nan,24
10057,65,52,nan,nan,24
10057,65,61,nan,nan,24
10057,65,37,2,0.1,24
10057,65,60,nan,nan,24
10057,65,61,nan,nan,24
10057,65,27,nan,nan,24
10057,65,37,2,0.1,24
10057,65,75,nan,nan,24
10057,65,18,2,0.1,24
10057,66,0,nan,nan,24
10057,66,1,nan,nan,24
10057,66,59,nan,nan,24
10057,66,1,nan,nan,24
10057,66,54,nan,nan,24
10057,66,95,nan,nan,24
10057,66,56,nan,nan,24
10057,66,44,nan,nan,24
10057,66,1,nan,nan,24
10057,66,18,nan,nan,24
10057,66,93,nan,nan,24
10057,66,36,nan,nan,24
10057,66,7,nan,nan,24
10057,67,53,nan,nan,24
10057,67,47,nan,nan,24
10057,67,67,nan,nan,24
10057,67,57,nan,nan,24
10057,67,68,nan,nan,24
10057,67,61,nan,nan,24
10057,67,78,nan,nan,24
10057,67,71,nan,nan,24
10057,67,83,nan,nan,24
10057,67,52,nan,nan,24
10057,69,3,nan,nan,24
10057,69,32,nan,nan,24
10057,69,89,nan,nan,24
10057,69,89,nan,nan,24
10057,69,95,nan,nan,24
10057,69,55,nan,nan,24
10057,69,16,2,0.1,24
10057,69,51,nan,nan,24
10057,71,64,4,0.25,24
10057,71,36,nan,nan,24
10057,71,80,nan,nan,24
10057,71,44,nan,nan,24
10057,71,47,2,0.1,24
10057,71,12,nan,nan,24
10057,71,84,nan,nan,24
10057,71,90,2,0.1,24
10057,71,45,2,0.1,24
10057,71,90,2,0.1,24
10057,71,40,nan,nan,24
10057,71,84,nan,nan,24
10057,71,24,nan,nan,24
10057,72,48,1,0.25,24
10057,72,12,nan,nan,24
10057,72,42,2,0.1,24
10057,72,47,2,0.1,24
10057,72,41,nan,nan,24
10057,72,87,2,0.1,24
10057,72,64,4,0.25,24
10057,72,24,nan,nan,24
10057,74,58,nan,nan,24
10057,74,31,nan,nan,24
10057,74,54,nan,nan,24
10057,74,57,1,0.25,24
10057,74,22,nan,nan,24
10057,74,77,nan,nan,24
10057,76,77,nan,nan,24
10057,76,71,nan,nan,24
10057,76,27,4,0.39,24
10057,76,35,nan,nan,24
10057,76,93,nan,nan,24
10057,76,99,1,0.25,24
10057,76,51,nan,nan,24
10057,76,76,nan,nan,24
10057,76,4,nan,nan,24
10057,77,11,2,0.1,24
10057,77,56,nan,nan,24
10057,77,49,nan,nan,24
10057,77,71,nan,nan,24
10057,77,71,nan,nan,24
10057,77,75,nan,nan,24
10057,77,16,nan,nan,24
10057,77,99,nan,nan,24
10057,77,71,nan,nan,24
10057,77,93,nan,nan,24
10057,77,8,nan,nan,24
10057,77,66,nan,nan,24
10057,80,50,nan,nan,24
10057,80,84,nan,nan,24
10057,80,6,nan,nan,24
10057,80,8,nan,nan,24
10057,80,99,nan,nan,24
10057,80,99,nan,nan,24
10057,80,43,nan,nan,24
10057,80,85,nan,nan,24
10057,81,37,nan,nan,24
10057,81,66,nan,nan,24
10057,81,43,2,0.1,24
10057,81,75,nan,nan,24
10057,81,29,2,0.1,24
10057,81,66,nan,nan,24
10057,81,5,nan,nan,24
10057,81,99,nan,nan,24
10057,81,76,1,0.25,24
10057,81,99,nan,nan,24
10057,82,39,nan,nan,24
10057,82,20,nan,nan,24
10057,82,59,nan,nan,24
10057,82,71,nan,nan,24
10057,82,65,3,0.5,24
10057,82,5,nan,nan,24
10057,82,92,nan,nan,24
10057,82,44,nan,nan,24
10057,82,39,nan,nan,24
10057,82,91,nan,nan,24
10057,82,37,nan,nan,24
10057,82,26,2,0.1,24
10057,82,29,1,0.25,24
10057,82,66,nan,nan,24
10057,82,71,nan,nan,24
10057,82,62,nan,nan,24
10057,82,90,1,0.25,24
10057,82,65,3,0.5,24
10057,83,7,nan,nan,24
10057,83,7,nan,nan,24
10057,83,56,nan,nan,24
10057,83,42,0,0.5,24
10057,83,56,nan,nan,24
10057,83,52,nan,nan,24
10057,83,7,nan,nan,24
10057,83,20,nan,nan,24
10057,83,20,nan,nan,24
10057,83,54,nan,nan,24
10057,83,71,nan,nan,24
10057,83,0,nan,nan,24
10057,87,36,nan,nan,24
10057,87,72,nan,nan,24
10057,87,96,nan,nan,24
10057,87,54,nan,nan,24
10057,87,92,nan,nan,24
10057,87,81,2,0.1,24
10057,87,14,nan,nan,24
10057,87,36,nan,nan,24
10057,87,59,nan,nan,24
10057,87,80,1,0.25,24
10057,87,1,nan,nan,24
10057,89,55,nan,nan,24
10057,89,62,nan,nan,24
10057,89,62,nan,nan,24
10057,89,92,nan,nan,24
10057,89,68,nan,nan,24
10057,89,85,nan,nan,24
10057,89,90,nan,nan,24
10057,89,85,nan,nan,24
10057,89,83,nan,nan,24
10057,89,84,nan,nan,24
10057,90,85,nan,nan,24
10057,90,80,nan,nan,24
10057,90,85,nan,nan,24
10057,90,57,nan,nan,24
10057,90,12,nan,nan,24
10057,90,41,nan,nan,24
10057,90,95,nan,nan,24
10057,90,69,nan,nan,24
10057,90,56,nan,nan,24
10057,90,81,nan,nan,24
10057,90,69,nan,nan,24
10057,90,83,nan,nan,24
10057,91,97,nan,nan,24
10057,91,26,nan,nan,24
10057,91,13,nan,nan,24
10057,91,21,nan,nan,24
10057,91,95,nan,nan,24
10057,91,77,nan,nan,24
10057,91,93,nan,nan,24
10057,91,39,nan,nan,24
10057,91,68,nan,nan,24
10057,91,80,nan,nan,24
10057,91,4,nan,nan,24
10057,91,62,nan,nan,24
10057,92,40,nan,nan,24
10057,92,11,nan,nan,24
10057,92,47,nan,nan,24
10057,92,60,nan,nan,24
10057,92,65,nan,nan,24
10057,92,10,nan,nan,24
10057,92,77,nan,nan,24
10057,92,11,nan,nan,24
10057,92,61,nan,nan,24
10057,92,59,nan,nan,24
10057,92,11,nan,nan,24
10057,92,12,nan,nan,24
10057,92,67,nan,nan,24
10057,92,20,nan,nan,24
10057,92,99,nan,nan,24
10057,92,79,nan,nan,24
10057,92,42,nan,nan,24
10057,94,80,nan,nan,24
10057,94,38,nan,nan,24
10057,94,81,nan,nan,24
10057,94,99,nan,nan,24
10057,94,81,nan,nan,24
10057,94,99,nan,nan,24
10057,94,38,nan,nan,24
10057,94,61,nan,nan,24
10057,94,26,nan,nan,24
10057,94,39,nan,nan,24
10057,94,61,nan,nan,24
10057,94,55,nan,nan,24
10057,94,45,nan,nan,24
10057,95,55,nan,nan,24
10057,95,49,nan,nan,24
10057,95,11,nan,nan,24
10057,95,28,nan,nan,24
10057,95,1,nan,nan,24
10057,95,49,nan,nan,24
10057,95,44,nan,nan,24
10057,95,61,nan,nan,24
10057,95,15,nan,nan,24
10057,95,68,nan,nan,24
10057,95,20,nan,nan,24
10057,95,96,nan,nan,24
10057,95,27,nan,nan,24
10057,95,96,nan,nan,24
10057,97,81,nan,nan,24
10057,97,38,nan,nan,24
10057,97,90,nan,nan,24
10057,97,34,nan,nan,24
10057,97,15,nan,nan,24
10057,99,31,nan,nan,24
10057,99,98,nan,nan,24
10057,99,12,nan,nan,24
10057,99,31,nan,nan,24
10057,99,47,nan,nan,24
10057,99,25,nan,nan,24
10057,99,35,nan,nan,24
10057,99,79,nan,nan,24
10057,99,31,nan,nan,24
10057,99,18,nan,nan,24
10057,99,54,nan,nan,24
10057,99,54,nan,nan,24
10057,99,59,nan,nan,24
10057,99,15,nan,nan,24
10057,99,66,nan,nan,24
10057,99,81,nan,nan,24
10057,99,76,nan,nan,24
10057,100,39,nan,nan,24
10057,100,60,nan,nan,24
10057,100,60,nan,nan,24
10057,100,96,nan,nan,24
10057,100,81,nan,nan,24
10057,100,25,nan,nan,24
10057,100,39,nan,nan,24
10057,100,25,nan,nan,24
10057,100,95,nan,nan,24
10057,102,90,nan,nan,24
10057,102,19,nan,nan,24
10057,102,99,nan,nan,24
10057,102,9,nan,nan,24
10057,102,53,nan,nan,24
10057,102,8,nan,nan,24
10057,102,59,nan,nan,24
10057,102,50,nan,nan,24
10057,102,27,nan,nan,24
10057,102,73,nan,nan,24
10057,102,54,nan,nan,24
10057,102,31,nan,nan,24
10057,103,39,nan,nan,24
10057,103,36,nan,nan,24
10057,103,76,nan,nan,24
10057,103,54,nan,nan,24
10057,103,74,nan,nan,24
10057,103,39,nan,nan,24
10057,103,37,nan,nan,24
10057,103,95,nan,nan,24
10057,103,44,nan,nan,24
10057,103,21,nan,nan,24
10057,103,64,nan,nan,24
10057,103,25,nan,nan,24
10057,103,79,nan,nan,24
10057,103,54,nan,nan,24
10057,103,39,nan,nan,24
10057,106,17,nan,nan,24
10057,106,65,nan,nan,24
10057,106,55,nan,nan,24
10057,106,34,nan,nan,24
10057,106,65,nan,nan,24
10057,106,12,nan,nan,24
10057,106,24,nan,nan,24
10057,106,53,nan,nan,24
10057,106,81,nan,nan,24
10057,106,99,2,0.1,24
10057,110,60,nan,nan,24
10057,110,61,nan,nan,24
10057,110,88,nan,nan,24
10057,110,0,nan,nan,24
10057,110,99,nan,nan,24
10057,110,26,nan,nan,24
10057,110,17,nan,nan,24
10057,110,23,nan,nan,24
10057,110,43,nan,nan,24
10057,110,76,nan,nan,24
10057,110,60,nan,nan,24
10057,110,76,nan,nan,24
10057,111,80,nan,nan,24
10057,111,13,nan,nan,24
10057,111,18,nan,nan,24
10057,111,73,nan,nan,24
10057,111,54,nan,nan,24
10057,111,85,nan,nan,24
10057,111,60,nan,nan,24
10057,111,83,nan,nan,24
10057,111,42,nan,nan,24
10057,111,95,nan,nan,24
10057,111,6,nan,nan,24
10057,111,95,nan,nan,24
10057,113,31,nan,nan,24
10057,113,28,3,0.33,24
10057,113,42,nan,nan,24
10057,113,66,nan,nan,24
10057,113,5,nan,nan,24
10057,113,65,nan,nan,24
10057,113,11,nan,nan,24
10057,113,88,nan,nan,24
10057,113,26,nan,nan,24
10057,113,54,nan,nan,24
10057,113,2,nan,nan,24
10057,114,21,nan,nan,24
10057,114,4,nan,nan,24
10057,114,57,nan,nan,24
10057,114,41,nan,nan,24
10057,114,10,nan,nan,24
10057,114,1,nan,nan,24
10057,114,63,nan,nan,24
10057,114,63,nan,nan,24
10057,114,26,nan,nan,24
10057,114,12,nan,nan,24
10057,114,80,nan,nan,24
10057,114,32,nan,nan,24
10057,114,51,nan,nan,24
10057,116,68,nan,nan,24
10057,116,98,nan,nan,24
10057,116,42,nan,nan,24
10057,116,78,nan,nan,24
10057,116,97,nan,nan,24
10057,116,9,nan,nan,24
10057,116,57,nan,nan,24
10057,116,18,nan,nan,24
10057,116,57,nan,nan,24
10057,116,34,nan,nan,24
10057,116,14,nan,nan,24
10057,116,68,nan,nan,24
10057,116,60,nan,nan,24
10057,117,29,nan,nan,24
10057,117,81,nan,nan,24
10057,117,87,nan,nan,24
10057,117,33,nan,nan,24
10057,117,39,nan,nan,24
10057,117,27,nan,nan,24
10057,119,57,nan,nan,24
10057,119,81,1,0.25,24
10057,119,4,nan,nan,24
10057,119,8,2,0.1,24
10057,119,83,nan,nan,24
10057,119,33,nan,nan,24
10057,119,13,nan,nan,24
10057,119,90,nan,nan,24
10057,119,77,4,0.31,24
10057,119,61,nan,nan,24
10057,119,45,nan,nan,24
10057,119,70,nan,nan,24
10057,119,24,nan,nan,24
10057,120,96,nan,nan,24
10057,120,99,1,0.25,24
10057,120,47,nan,nan,24
10057,120,51,nan,nan,24
10057,120,99,1,0.25,24
10057,120,66,0,0.5,24
10057,120,22,nan,nan,24
10057,120,32,2,0.1,24
10057,120,72,nan,nan,24
10057,120,49,1,0.25,24
10057,120,32,2,0.1,24
10057,120,87,3,0.25,24
10057,120,52,nan,nan,24
10057,120,90,1,0.25,24
10057,120,72,nan,nan,24
10057,120,61,nan,nan,24
10057,120,16,2,0.1,24
10057,124,2,nan,nan,24
10057,124,33,nan,nan,24
10057,124,38,nan,nan,24
10057,124,91,nan,nan,24
10057,124,22,nan,nan,24
10057,124,96,nan,nan,24
10057,124,47,nan,nan,24
10057,124,39,nan,nan,24
10057,124,44,nan,nan,24
10057,124,15,nan,nan,24
10057,125,16,nan,nan,24
10057,125,3,nan,nan,24
10057,125,49,nan,nan,24
10057,125,81,nan,nan,24
10057,125,70,nan,nan,24
10057,125,80,2,0.1,24
10057,125,15,nan,nan,24
10057,126,44,nan,nan,24
10057,126,38,nan,nan,24
10057,126,51,nan,nan,24
10057,126,66,nan,nan,24
10057,126,90,nan,nan,24
10057,126,71,nan,nan,24
10057,126,98,nan,nan,24
10057,126,37,nan,nan,24
10057,126,41,nan,nan,24
10057,127,66,nan,nan,24
10057,127,94,nan,nan,24
10057,127,90,nan,nan,24
10057,127,57,nan,nan,24
10057,127,22,nan,nan,24
10057,127,27,nan,nan,24
10057,127,34,nan,nan,24
10057,127,68,nan,nan,24
10057,127,17,nan,nan,24
10057,127,81,nan,nan,24
10057,129,93,nan,nan,24
10057,129,7,nan,nan,24
10057,129,2,nan,nan,24
10057,129,66,1,0.25,24
10057,129,66,1,0.25,24
10057,129,99,nan,nan,24
10057,129,45,nan,nan,24
10057,129,68,1,0.25,24
10057,129,99,nan,nan,24
10057,129,71,3,0.25,24
10057,129,58,1,0.25,24
10057,131,71,nan,nan,24
10057,131,49,nan,nan,24
10057,131,62,nan,nan,24
10057,131,66,nan,nan,24
10057,131,92,nan,nan,24
10057,131,75,nan,nan,24
10057,131,17,nan,nan,24
10057,131,51,nan,nan,24
10057,131,71,nan,nan,24
10057,131,44,nan,nan,24
10057,131,29,nan,nan,24
10057,131,17,nan,nan,24
10057,131,37,nan,nan,24
10057,131,29,nan,nan,24
10057,131,72,nan,nan,24
10057,131,43,nan,nan,24
10057,133,80,nan,nan,24
10057,133,17,nan,nan,24
10057,133,17,nan,nan,24
10057,133,17,nan,nan,24
10057,133,75,nan,nan,24
10057,133,66,nan,nan,24
10057,133,73,nan,nan,24
10057,133,37,nan,nan,24
10057,133,99,nan,nan,24
10057,133,52,nan,nan,24
10057,133,8,nan,nan,24
10057,133,37,nan,nan,24
10057,133,99,nan,nan,24
10057,133,29,nan,nan,24
10057,133,66,nan,nan,24
10057,133,66,nan,nan,24
10057,136,76,nan,nan,24
10057,136,36,nan,nan,24
10057,136,54,nan,nan,24
10057,136,2,nan,nan,24
10057,136,12,nan,nan,24
10057,136,20,nan,nan,24
10057,136,71,nan,nan,24
10057,136,15,nan,nan,24
10057,136,19,nan,nan,24
10057,136,86,nan,nan,24
10057,136,19,nan,nan,24
10057,136,7,nan,nan,24
10057,136,52,nan,nan,24
10057,136,19,nan,nan,24
10057,136,54,nan,nan,24
10057,136,52,nan,nan,24
10057,136,52,nan,nan,24
10057,136,12,nan,nan,24
10057,136,60,nan,nan,24
10057,137,33,nan,nan,24
10057,137,93,nan,nan,24
10057,137,52,nan,nan,24
10057,137,19,nan,nan,24
10057,137,94,nan,nan,24
10057,137,7,nan,nan,24
10057,137,20,nan,nan,24
10057,137,44,nan,nan,24
10057,137,42,nan,nan,24
10057,137,20,nan,nan,24
10057,137,52,nan,nan,24
10057,137,37,nan,nan,24
10057,137,66,nan,nan,24
10057,137,98,nan,nan,24
10057,137,95,nan,nan,24
10057,137,48,nan,nan,24
10057,138,7,nan,nan,24
10057,138,7,nan,nan,24
10057,138,95,nan,nan,24
10057,138,7,nan,nan,24
10057,138,76,nan,nan,24
10057,138,36,nan,nan,24
10057,138,51,nan,nan,24
10057,138,78,nan,nan,24
10057,138,97,nan,nan,24
10057,138,71,nan,nan,24
10057,138,7,nan,nan,24
10057,138,58,nan,nan,24
10057,138,97,nan,nan,24
10057,141,11,nan,nan,24
10057,141,41,nan,nan,24
10057,141,80,1,0.25,24
10057,141,62,nan,nan,24
10057,141,62,nan,nan,24
10057,141,69,2,0.1,24
10057,141,62,nan,nan,24
10057,141,11,nan,nan,24
10057,141,92,nan,nan,24
10057,143,97,0,0.5,24
10057,143,2,nan,nan,24
10057,143,96,nan,nan,24
10057,143,64,nan,nan,24
10057,143,48,nan,nan,24
10057,143,74,nan,nan,24
10057,143,33,nan,nan,24
10057,143,71,1,0.25,24
10057,143,42,nan,nan,24
10057,143,47,nan,nan,24
10057,143,93,nan,nan,24
10057,143,71,1,0.25,24
10057,143,39,nan,nan,24
10057,145,87,nan,nan,24
10057,145,71,nan,nan,24
10057,145,36,nan,nan,24
10057,145,69,nan,nan,24
10057,145,85,nan,nan,24
10057,145,37,nan,nan,24
10057,145,75,nan,nan,24
10057,145,56,nan,nan,24
10057,145,80,nan,nan,24
10057,145,96,nan,nan,24
10057,145,31,nan,nan,24
10057,145,43,nan,nan,24
10057,147,47,nan,nan,24
10057,147,80,2,0.1,24
10057,147,76,nan,nan,24
10057,147,44,nan,nan,24
10057,147,11,nan,nan,24
10057,147,93,nan,nan,24
10057,147,94,nan,nan,24
10057,147,75,nan,nan,24
10057,147,60,nan,nan,24
10057,147,76,nan,nan,24
10057,147,89,3,0.25,24
10057,147,12,nan,nan,24
10057,147,38,2,0.1,24
10057,148,31,nan,nan,24
10057,148,38,nan,nan,24
10057,148,56,nan,nan,24
10057,148,97,0,0.5,24
10057,148,41,nan,nan,24
10057,148,43,nan,nan,24
10057,148,87,3,0.5,24
10057,148,19,nan,nan,24
10057,148,96,nan,nan,24
10057,148,74,nan,nan,24
10057,148,80,nan,nan,24
10057,148,94,nan,nan,24
10057,148,87,3,0.5,24
10057,151,49,nan,nan,24
10057,151,12,nan,nan,24
10057,151,3,3,0.33,24
10057,151,48,nan,nan,24
10057,151,8,nan,nan,24
10057,151,66,nan,nan,24
10057,151,25,nan,nan,24
10057,151,31,3,0.25,24
10057,151,63,nan,nan,24
10057,151,26,nan,nan,24
10057,151,99,nan,nan,24
10057,151,25,nan,nan,24
10057,152,86,nan,nan,24
10057,152,95,nan,nan,24
10057,152,44,2,0.1,24
10057,152,19,nan,nan,24
10057,152,31,nan,nan,24
10057,152,67,nan,nan,24
10057,152,80,1,0.25,24
10057,152,90,nan,nan,24
10057,152,24,nan,nan,24
10057,152,8,1,0.25,24
10057,152,40,nan,nan,24
10057,152,63,nan,nan,24
10057,152,53,nan,nan,24
10057,152,54,nan,nan,24
10057,152,81,nan,nan,24
10057,154,63,nan,nan,24
10057,154,71,nan,nan,24
10057,154,0,nan,nan,24
10057,154,27,nan,nan,24
10057,154,15,nan,nan,24
10057,154,26,nan,nan,24
10057,154,68,nan,nan,24
10057,154,8,nan,nan,24
10057,154,82,nan,nan,24
10057,154,12,nan,nan,24
10057,154,23,nan,nan,24
10057,154,6,nan,nan,24
10057,154,82,nan,nan,24
10057,53,1,1,0.25,24
10057,50,2,0,0.5,24
10057,7,4,0,0.5,24
10057,48,6,0,0.5,24
10057,49,6,0,0.5,24
10057,119,7,3,0.5,24
10057,119,42,3,0.5,24
10057,119,47,0,0.5,24
10057,119,7,3,0.5,24
10057,119,42,3,0.5,24
10057,23,15,0,0.5,24
10057,42,16,1,0.25,24
10057,42,24,1,0.25,24
10057,123,24,0,0.5,24
10057,86,26,0,0.5,24
10057,86,43,0,0.5,24
10057,20,39,1,0.25,24
10057,58,39,1,0.25,24
10057,147,39,1,0.25,24
10057,35,42,0,0.5,24
10057,35,88,1,0.25,24
10057,15,44,1,0.25,24
10057,71,47,2,0.1,24
10057,11,53,0,0.5,24
10057,9,59,2,0.1,24
10057,9,66,2,0.1,24
10057,150,62,0,0.5,24
10057,113,67,4,0.5,24
10057,113,67,4,0.5,24
10057,107,68,1,0.25,24
10057,148,69,3,0.33,24
10057,73,71,0,0.5,24
10057,74,71,0,0.5,24
10057,14,72,3,0.5,24
10057,14,72,3,0.5,24
10057,87,74,3,0.33,24
10057,82,84,2,0.1,24
10057,52,88,nan,nan,24
10057,143,98,0,0.5,24
10057,76,99,1,0.25,24
10058,13,48,nan,nan,15
10058,13,37,nan,nan,15
10058,13,18,nan,nan,15
10058,13,4,nan,nan,15
10058,13,18,nan,nan,15
10058,13,37,nan,nan,15
10058,13,43,nan,nan,15
10058,14,61,nan,nan,15
10058,14,53,nan,nan,15
10058,14,74,nan,nan,15
10058,14,87,nan,nan,15
10058,14,58,nan,nan,15
10058,17,80,nan,nan,15
10058,17,14,nan,nan,15
10058,17,82,nan,nan,15
10058,17,2,nan,nan,15
10058,17,26,nan,nan,15
10058,17,62,2,0.1,15
10058,17,87,2,0.1,15
10058,17,3,nan,nan,15
10058,19,90,nan,nan,15
10058,19,8,nan,nan,15
10058,19,71,nan,nan,15
10058,19,17,nan,nan,15
10058,19,68,nan,nan,15
10058,19,78,nan,nan,15
10058,19,51,nan,nan,15
10058,44,94,nan,nan,15
10058,46,24,nan,nan,15
10058,46,66,nan,nan,15
10058,46,24,nan,nan,15
10058,46,44,nan,nan,15
10058,46,25,nan,nan,15
10058,46,73,nan,nan,15
10058,46,73,nan,nan,15
10058,46,99,nan,nan,15
10058,93,45,nan,nan,15
10058,93,68,nan,nan,15
10058,103,26,nan,nan,15
10058,103,8,nan,nan,15
10058,103,98,nan,nan,15
10058,103,89,3,0.33,15
10058,103,8,nan,nan,15
10058,103,67,nan,nan,15
10058,105,0,nan,nan,15
10058,105,78,nan,nan,15
10058,105,13,nan,nan,15
10058,105,23,nan,nan,15
10058,105,10,nan,nan,15
10058,112,81,nan,nan,15
10058,112,90,nan,nan,15
10058,112,3,nan,nan,15
10058,112,21,nan,nan,15
10058,112,54,nan,nan,15
10058,112,63,nan,nan,15
10058,112,18,nan,nan,15
10058,112,21,nan,nan,15
10058,119,4,nan,nan,15
10058,119,87,nan,nan,15
10058,119,12,nan,nan,15
10058,119,87,nan,nan,15
10058,119,61,nan,nan,15
10058,119,61,nan,nan,15
10058,119,4,nan,nan,15
10058,119,54,nan,nan,15
10058,123,19,nan,nan,15
10058,123,90,nan,nan,15
10058,123,87,nan,nan,15
10058,123,16,nan,nan,15
10058,123,20,nan,nan,15
10058,123,44,nan,nan,15
10058,123,90,nan,nan,15
10058,126,19,nan,nan,15
10058,126,58,nan,nan,15
10058,126,64,nan,nan,15
10058,126,3,nan,nan,15
10058,126,92,nan,nan,15
10058,126,23,nan,nan,15
10058,154,50,nan,nan,15
10058,154,16,nan,nan,15
10058,154,13,nan,nan,15
10058,154,44,nan,nan,15
10058,67,0,1,0.25,15
10058,58,2,0,0.5,15
10058,58,51,2,0.1,15
10058,71,4,1,0.25,15
10058,49,6,0,0.5,15
10058,29,29,1,0.25,15
10058,103,34,nan,nan,15
10058,136,36,0,0.5,15
10058,35,39,0,0.5,15
10058,52,40,nan,nan,15
10058,2,41,0,0.5,15
10058,10,53,0,0.5,15
10058,17,53,0,0.5,15
10058,18,53,0,0.5,15
10058,120,66,0,0.5,15
10058,86,68,0,0.5,15
10058,74,71,0,0.5,15
10058,73,81,3,0.25,15
10058,73,81,3,0.25,15
10058,48,95,2,0.1,15
10058,21,96,1,0.25,15
10059,0,62,nan,nan,11
10059,0,54,nan,nan,11
10059,0,21,nan,nan,11
